Index, CenterX, CenterY, CenterZ, LengthX, LengthY, LengthZ
1, -3900.0, -3900.0, 4000.0, 200.0, 200.0, 100.0
2, -3900.0, -3700.0, 4000.0, 200.0, 200.0, 100.0
3, -3900.0, -3500.0, 4000.0, 200.0, 200.0, 100.0
4, -3900.0, -3300.0, 4000.0, 200.0, 200.0, 100.0
5, -3900.0, -3100.0, 4000.0, 200.0, 200.0, 100.0
6, -3900.0, -2900.0, 4000.0, 200.0, 200.0, 100.0
7, -3900.0, -2700.0, 4000.0, 200.0, 200.0, 100.0
8, -3900.0, -2500.0, 4000.0, 200.0, 200.0, 100.0
9, -3900.0, -2300.0, 4000.0, 200.0, 200.0, 100.0
10, -3900.0, -2100.0, 4000.0, 200.0, 200.0, 100.0
11, -3900.0, -1900.0, 4000.0, 200.0, 200.0, 100.0
12, -3900.0, -1700.0, 4000.0, 200.0, 200.0, 100.0
13, -3900.0, -1500.0, 4000.0, 200.0, 200.0, 100.0
14, -3900.0, -1300.0, 4000.0, 200.0, 200.0, 100.0
15, -3900.0, -1100.0, 4000.0, 200.0, 200.0, 100.0
16, -3900.0, -900.0, 4000.0, 200.0, 200.0, 100.0
17, -3900.0, -700.0, 4000.0, 200.0, 200.0, 100.0
18, -3900.0, -500.0, 4000.0, 200.0, 200.0, 100.0
19, -3900.0, -300.0, 4000.0, 200.0, 200.0, 100.0
20, -3900.0, -100.0, 4000.0, 200.0, 200.0, 100.0
21, -3900.0, 100.0, 4000.0, 200.0, 200.0, 100.0
22, -3900.0, 300.0, 4000.0, 200.0, 200.0, 100.0
23, -3900.0, 500.0, 4000.0, 200.0, 200.0, 100.0
24, -3900.0, 700.0, 4000.0, 200.0, 200.0, 100.0
25, -3900.0, 900.0, 4000.0, 200.0, 200.0, 100.0
26, -3900.0, 1100.0, 4000.0, 200.0, 200.0, 100.0
27, -3900.0, 1300.0, 4000.0, 200.0, 200.0, 100.0
28, -3900.0, 1500.0, 4000.0, 200.0, 200.0, 100.0
29, -3900.0, 1700.0, 4000.0, 200.0, 200.0, 100.0
30, -3900.0, 1900.0, 4000.0, 200.0, 200.0, 100.0
31, -3900.0, 2100.0, 4000.0, 200.0, 200.0, 100.0
32, -3900.0, 2300.0, 4000.0, 200.0, 200.0, 100.0
33, -3900.0, 2500.0, 4000.0, 200.0, 200.0, 100.0
34, -3900.0, 2700.0, 4000.0, 200.0, 200.0, 100.0
35, -3900.0, 2900.0, 4000.0, 200.0, 200.0, 100.0
36, -3900.0, 3100.0, 4000.0, 200.0, 200.0, 100.0
37, -3900.0, 3300.0, 4000.0, 200.0, 200.0, 100.0
38, -3900.0, 3500.0, 4000.0, 200.0, 200.0, 100.0
39, -3900.0, 3700.0, 4000.0, 200.0, 200.0, 100.0
40, -3900.0, 3900.0, 4000.0, 200.0, 200.0, 100.0
41, -3700.0, -3900.0, 4000.0, 200.0, 200.0, 100.0
42, -3700.0, -3700.0, 4000.0, 200.0, 200.0, 100.0
43, -3700.0, -3500.0, 4000.0, 200.0, 200.0, 100.0
44, -3700.0, -3300.0, 4000.0, 200.0, 200.0, 100.0
45, -3700.0, -3100.0, 4000.0, 200.0, 200.0, 100.0
46, -3700.0, -2900.0, 4000.0, 200.0, 200.0, 100.0
47, -3700.0, -2700.0, 4000.0, 200.0, 200.0, 100.0
48, -3700.0, -2500.0, 4000.0, 200.0, 200.0, 100.0
49, -3700.0, -2300.0, 4000.0, 200.0, 200.0, 100.0
50, -3700.0, -2100.0, 4000.0, 200.0, 200.0, 100.0
51, -3700.0, -1900.0, 4000.0, 200.0, 200.0, 100.0
52, -3700.0, -1700.0, 4000.0, 200.0, 200.0, 100.0
53, -3700.0, -1500.0, 4000.0, 200.0, 200.0, 100.0
54, -3700.0, -1300.0, 4000.0, 200.0, 200.0, 100.0
55, -3700.0, -1100.0, 4000.0, 200.0, 200.0, 100.0
56, -3700.0, -900.0, 4000.0, 200.0, 200.0, 100.0
57, -3700.0, -700.0, 4000.0, 200.0, 200.0, 100.0
58, -3700.0, -500.0, 4000.0, 200.0, 200.0, 100.0
59, -3700.0, -300.0, 4000.0, 200.0, 200.0, 100.0
60, -3700.0, -100.0, 4000.0, 200.0, 200.0, 100.0
61, -3700.0, 100.0, 4000.0, 200.0, 200.0, 100.0
62, -3700.0, 300.0, 4000.0, 200.0, 200.0, 100.0
63, -3700.0, 500.0, 4000.0, 200.0, 200.0, 100.0
64, -3700.0, 700.0, 4000.0, 200.0, 200.0, 100.0
65, -3700.0, 900.0, 4000.0, 200.0, 200.0, 100.0
66, -3700.0, 1100.0, 4000.0, 200.0, 200.0, 100.0
67, -3700.0, 1300.0, 4000.0, 200.0, 200.0, 100.0
68, -3700.0, 1500.0, 4000.0, 200.0, 200.0, 100.0
69, -3700.0, 1700.0, 4000.0, 200.0, 200.0, 100.0
70, -3700.0, 1900.0, 4000.0, 200.0, 200.0, 100.0
71, -3700.0, 2100.0, 4000.0, 200.0, 200.0, 100.0
72, -3700.0, 2300.0, 4000.0, 200.0, 200.0, 100.0
73, -3700.0, 2500.0, 4000.0, 200.0, 200.0, 100.0
74, -3700.0, 2700.0, 4000.0, 200.0, 200.0, 100.0
75, -3700.0, 2900.0, 4000.0, 200.0, 200.0, 100.0
76, -3700.0, 3100.0, 4000.0, 200.0, 200.0, 100.0
77, -3700.0, 3300.0, 4000.0, 200.0, 200.0, 100.0
78, -3700.0, 3500.0, 4000.0, 200.0, 200.0, 100.0
79, -3700.0, 3700.0, 4000.0, 200.0, 200.0, 100.0
80, -3700.0, 3900.0, 4000.0, 200.0, 200.0, 100.0
81, -3500.0, -3900.0, 4000.0, 200.0, 200.0, 100.0
82, -3500.0, -3700.0, 4000.0, 200.0, 200.0, 100.0
83, -3500.0, -3500.0, 4000.0, 200.0, 200.0, 100.0
84, -3500.0, -3300.0, 4000.0, 200.0, 200.0, 100.0
85, -3500.0, -3100.0, 4000.0, 200.0, 200.0, 100.0
86, -3500.0, -2900.0, 4000.0, 200.0, 200.0, 100.0
87, -3500.0, -2700.0, 4000.0, 200.0, 200.0, 100.0
88, -3500.0, -2500.0, 4000.0, 200.0, 200.0, 100.0
89, -3500.0, -2300.0, 4000.0, 200.0, 200.0, 100.0
90, -3500.0, -2100.0, 4000.0, 200.0, 200.0, 100.0
91, -3500.0, -1900.0, 4000.0, 200.0, 200.0, 100.0
92, -3500.0, -1700.0, 4000.0, 200.0, 200.0, 100.0
93, -3500.0, -1500.0, 4000.0, 200.0, 200.0, 100.0
94, -3500.0, -1300.0, 4000.0, 200.0, 200.0, 100.0
95, -3500.0, -1100.0, 4000.0, 200.0, 200.0, 100.0
96, -3500.0, -900.0, 4000.0, 200.0, 200.0, 100.0
97, -3500.0, -700.0, 4000.0, 200.0, 200.0, 100.0
98, -3500.0, -500.0, 4000.0, 200.0, 200.0, 100.0
99, -3500.0, -300.0, 4000.0, 200.0, 200.0, 100.0
100, -3500.0, -100.0, 4000.0, 200.0, 200.0, 100.0
101, -3500.0, 100.0, 4000.0, 200.0, 200.0, 100.0
102, -3500.0, 300.0, 4000.0, 200.0, 200.0, 100.0
103, -3500.0, 500.0, 4000.0, 200.0, 200.0, 100.0
104, -3500.0, 700.0, 4000.0, 200.0, 200.0, 100.0
105, -3500.0, 900.0, 4000.0, 200.0, 200.0, 100.0
106, -3500.0, 1100.0, 4000.0, 200.0, 200.0, 100.0
107, -3500.0, 1300.0, 4000.0, 200.0, 200.0, 100.0
108, -3500.0, 1500.0, 4000.0, 200.0, 200.0, 100.0
109, -3500.0, 1700.0, 4000.0, 200.0, 200.0, 100.0
110, -3500.0, 1900.0, 4000.0, 200.0, 200.0, 100.0
111, -3500.0, 2100.0, 4000.0, 200.0, 200.0, 100.0
112, -3500.0, 2300.0, 4000.0, 200.0, 200.0, 100.0
113, -3500.0, 2500.0, 4000.0, 200.0, 200.0, 100.0
114, -3500.0, 2700.0, 4000.0, 200.0, 200.0, 100.0
115, -3500.0, 2900.0, 4000.0, 200.0, 200.0, 100.0
116, -3500.0, 3100.0, 4000.0, 200.0, 200.0, 100.0
117, -3500.0, 3300.0, 4000.0, 200.0, 200.0, 100.0
118, -3500.0, 3500.0, 4000.0, 200.0, 200.0, 100.0
119, -3500.0, 3700.0, 4000.0, 200.0, 200.0, 100.0
120, -3500.0, 3900.0, 4000.0, 200.0, 200.0, 100.0
121, -3300.0, -3900.0, 4000.0, 200.0, 200.0, 100.0
122, -3300.0, -3700.0, 4000.0, 200.0, 200.0, 100.0
123, -3300.0, -3500.0, 4000.0, 200.0, 200.0, 100.0
124, -3300.0, -3300.0, 4000.0, 200.0, 200.0, 100.0
125, -3300.0, -3100.0, 4000.0, 200.0, 200.0, 100.0
126, -3300.0, -2900.0, 4000.0, 200.0, 200.0, 100.0
127, -3300.0, -2700.0, 4000.0, 200.0, 200.0, 100.0
128, -3300.0, -2500.0, 4000.0, 200.0, 200.0, 100.0
129, -3300.0, -2300.0, 4000.0, 200.0, 200.0, 100.0
130, -3300.0, -2100.0, 4000.0, 200.0, 200.0, 100.0
131, -3300.0, -1900.0, 4000.0, 200.0, 200.0, 100.0
132, -3300.0, -1700.0, 4000.0, 200.0, 200.0, 100.0
133, -3300.0, -1500.0, 4000.0, 200.0, 200.0, 100.0
134, -3300.0, -1300.0, 4000.0, 200.0, 200.0, 100.0
135, -3300.0, -1100.0, 4000.0, 200.0, 200.0, 100.0
136, -3300.0, -900.0, 4000.0, 200.0, 200.0, 100.0
137, -3300.0, -700.0, 4000.0, 200.0, 200.0, 100.0
138, -3300.0, -500.0, 4000.0, 200.0, 200.0, 100.0
139, -3300.0, -300.0, 4000.0, 200.0, 200.0, 100.0
140, -3300.0, -100.0, 4000.0, 200.0, 200.0, 100.0
141, -3300.0, 100.0, 4000.0, 200.0, 200.0, 100.0
142, -3300.0, 300.0, 4000.0, 200.0, 200.0, 100.0
143, -3300.0, 500.0, 4000.0, 200.0, 200.0, 100.0
144, -3300.0, 700.0, 4000.0, 200.0, 200.0, 100.0
145, -3300.0, 900.0, 4000.0, 200.0, 200.0, 100.0
146, -3300.0, 1100.0, 4000.0, 200.0, 200.0, 100.0
147, -3300.0, 1300.0, 4000.0, 200.0, 200.0, 100.0
148, -3300.0, 1500.0, 4000.0, 200.0, 200.0, 100.0
149, -3300.0, 1700.0, 4000.0, 200.0, 200.0, 100.0
150, -3300.0, 1900.0, 4000.0, 200.0, 200.0, 100.0
151, -3300.0, 2100.0, 4000.0, 200.0, 200.0, 100.0
152, -3300.0, 2300.0, 4000.0, 200.0, 200.0, 100.0
153, -3300.0, 2500.0, 4000.0, 200.0, 200.0, 100.0
154, -3300.0, 2700.0, 4000.0, 200.0, 200.0, 100.0
155, -3300.0, 2900.0, 4000.0, 200.0, 200.0, 100.0
156, -3300.0, 3100.0, 4000.0, 200.0, 200.0, 100.0
157, -3300.0, 3300.0, 4000.0, 200.0, 200.0, 100.0
158, -3300.0, 3500.0, 4000.0, 200.0, 200.0, 100.0
159, -3300.0, 3700.0, 4000.0, 200.0, 200.0, 100.0
160, -3300.0, 3900.0, 4000.0, 200.0, 200.0, 100.0
161, -3100.0, -3900.0, 4000.0, 200.0, 200.0, 100.0
162, -3100.0, -3700.0, 4000.0, 200.0, 200.0, 100.0
163, -3100.0, -3500.0, 4000.0, 200.0, 200.0, 100.0
164, -3100.0, -3300.0, 4000.0, 200.0, 200.0, 100.0
165, -3100.0, -3100.0, 4000.0, 200.0, 200.0, 100.0
166, -3100.0, -2900.0, 4000.0, 200.0, 200.0, 100.0
167, -3100.0, -2700.0, 4000.0, 200.0, 200.0, 100.0
168, -3100.0, -2500.0, 4000.0, 200.0, 200.0, 100.0
169, -3100.0, -2300.0, 4000.0, 200.0, 200.0, 100.0
170, -3100.0, -2100.0, 4000.0, 200.0, 200.0, 100.0
171, -3100.0, -1900.0, 4000.0, 200.0, 200.0, 100.0
172, -3100.0, -1700.0, 4000.0, 200.0, 200.0, 100.0
173, -3100.0, -1500.0, 4000.0, 200.0, 200.0, 100.0
174, -3100.0, -1300.0, 4000.0, 200.0, 200.0, 100.0
175, -3100.0, -1100.0, 4000.0, 200.0, 200.0, 100.0
176, -3100.0, -900.0, 4000.0, 200.0, 200.0, 100.0
177, -3100.0, -700.0, 4000.0, 200.0, 200.0, 100.0
178, -3100.0, -500.0, 4000.0, 200.0, 200.0, 100.0
179, -3100.0, -300.0, 4000.0, 200.0, 200.0, 100.0
180, -3100.0, -100.0, 4000.0, 200.0, 200.0, 100.0
181, -3100.0, 100.0, 4000.0, 200.0, 200.0, 100.0
182, -3100.0, 300.0, 4000.0, 200.0, 200.0, 100.0
183, -3100.0, 500.0, 4000.0, 200.0, 200.0, 100.0
184, -3100.0, 700.0, 4000.0, 200.0, 200.0, 100.0
185, -3100.0, 900.0, 4000.0, 200.0, 200.0, 100.0
186, -3100.0, 1100.0, 4000.0, 200.0, 200.0, 100.0
187, -3100.0, 1300.0, 4000.0, 200.0, 200.0, 100.0
188, -3100.0, 1500.0, 4000.0, 200.0, 200.0, 100.0
189, -3100.0, 1700.0, 4000.0, 200.0, 200.0, 100.0
190, -3100.0, 1900.0, 4000.0, 200.0, 200.0, 100.0
191, -3100.0, 2100.0, 4000.0, 200.0, 200.0, 100.0
192, -3100.0, 2300.0, 4000.0, 200.0, 200.0, 100.0
193, -3100.0, 2500.0, 4000.0, 200.0, 200.0, 100.0
194, -3100.0, 2700.0, 4000.0, 200.0, 200.0, 100.0
195, -3100.0, 2900.0, 4000.0, 200.0, 200.0, 100.0
196, -3100.0, 3100.0, 4000.0, 200.0, 200.0, 100.0
197, -3100.0, 3300.0, 4000.0, 200.0, 200.0, 100.0
198, -3100.0, 3500.0, 4000.0, 200.0, 200.0, 100.0
199, -3100.0, 3700.0, 4000.0, 200.0, 200.0, 100.0
200, -3100.0, 3900.0, 4000.0, 200.0, 200.0, 100.0
201, -2900.0, -3900.0, 4000.0, 200.0, 200.0, 100.0
202, -2900.0, -3700.0, 4000.0, 200.0, 200.0, 100.0
203, -2900.0, -3500.0, 4000.0, 200.0, 200.0, 100.0
204, -2900.0, -3300.0, 4000.0, 200.0, 200.0, 100.0
205, -2900.0, -3100.0, 4000.0, 200.0, 200.0, 100.0
206, -2900.0, -2900.0, 4000.0, 200.0, 200.0, 100.0
207, -2900.0, -2700.0, 4000.0, 200.0, 200.0, 100.0
208, -2900.0, -2500.0, 4000.0, 200.0, 200.0, 100.0
209, -2900.0, -2300.0, 4000.0, 200.0, 200.0, 100.0
210, -2900.0, -2100.0, 4000.0, 200.0, 200.0, 100.0
211, -2900.0, -1900.0, 4000.0, 200.0, 200.0, 100.0
212, -2900.0, -1700.0, 4000.0, 200.0, 200.0, 100.0
213, -2900.0, -1500.0, 4000.0, 200.0, 200.0, 100.0
214, -2900.0, -1300.0, 4000.0, 200.0, 200.0, 100.0
215, -2900.0, -1100.0, 4000.0, 200.0, 200.0, 100.0
216, -2900.0, -900.0, 4000.0, 200.0, 200.0, 100.0
217, -2900.0, -700.0, 4000.0, 200.0, 200.0, 100.0
218, -2900.0, -500.0, 4000.0, 200.0, 200.0, 100.0
219, -2900.0, -300.0, 4000.0, 200.0, 200.0, 100.0
220, -2900.0, -100.0, 4000.0, 200.0, 200.0, 100.0
221, -2900.0, 100.0, 4000.0, 200.0, 200.0, 100.0
222, -2900.0, 300.0, 4000.0, 200.0, 200.0, 100.0
223, -2900.0, 500.0, 4000.0, 200.0, 200.0, 100.0
224, -2900.0, 700.0, 4000.0, 200.0, 200.0, 100.0
225, -2900.0, 900.0, 4000.0, 200.0, 200.0, 100.0
226, -2900.0, 1100.0, 4000.0, 200.0, 200.0, 100.0
227, -2900.0, 1300.0, 4000.0, 200.0, 200.0, 100.0
228, -2900.0, 1500.0, 4000.0, 200.0, 200.0, 100.0
229, -2900.0, 1700.0, 4000.0, 200.0, 200.0, 100.0
230, -2900.0, 1900.0, 4000.0, 200.0, 200.0, 100.0
231, -2900.0, 2100.0, 4000.0, 200.0, 200.0, 100.0
232, -2900.0, 2300.0, 4000.0, 200.0, 200.0, 100.0
233, -2900.0, 2500.0, 4000.0, 200.0, 200.0, 100.0
234, -2900.0, 2700.0, 4000.0, 200.0, 200.0, 100.0
235, -2900.0, 2900.0, 4000.0, 200.0, 200.0, 100.0
236, -2900.0, 3100.0, 4000.0, 200.0, 200.0, 100.0
237, -2900.0, 3300.0, 4000.0, 200.0, 200.0, 100.0
238, -2900.0, 3500.0, 4000.0, 200.0, 200.0, 100.0
239, -2900.0, 3700.0, 4000.0, 200.0, 200.0, 100.0
240, -2900.0, 3900.0, 4000.0, 200.0, 200.0, 100.0
241, -2700.0, -3900.0, 4000.0, 200.0, 200.0, 100.0
242, -2700.0, -3700.0, 4000.0, 200.0, 200.0, 100.0
243, -2700.0, -3500.0, 4000.0, 200.0, 200.0, 100.0
244, -2700.0, -3300.0, 4000.0, 200.0, 200.0, 100.0
245, -2700.0, -3100.0, 4000.0, 200.0, 200.0, 100.0
246, -2700.0, -2900.0, 4000.0, 200.0, 200.0, 100.0
247, -2700.0, -2700.0, 4000.0, 200.0, 200.0, 100.0
248, -2700.0, -2500.0, 4000.0, 200.0, 200.0, 100.0
249, -2700.0, -2300.0, 4000.0, 200.0, 200.0, 100.0
250, -2700.0, -2100.0, 4000.0, 200.0, 200.0, 100.0
251, -2700.0, -1900.0, 4000.0, 200.0, 200.0, 100.0
252, -2700.0, -1700.0, 4000.0, 200.0, 200.0, 100.0
253, -2700.0, -1500.0, 4000.0, 200.0, 200.0, 100.0
254, -2700.0, -1300.0, 4000.0, 200.0, 200.0, 100.0
255, -2700.0, -1100.0, 4000.0, 200.0, 200.0, 100.0
256, -2700.0, -900.0, 4000.0, 200.0, 200.0, 100.0
257, -2700.0, -700.0, 4000.0, 200.0, 200.0, 100.0
258, -2700.0, -500.0, 4000.0, 200.0, 200.0, 100.0
259, -2700.0, -300.0, 4000.0, 200.0, 200.0, 100.0
260, -2700.0, -100.0, 4000.0, 200.0, 200.0, 100.0
261, -2700.0, 100.0, 4000.0, 200.0, 200.0, 100.0
262, -2700.0, 300.0, 4000.0, 200.0, 200.0, 100.0
263, -2700.0, 500.0, 4000.0, 200.0, 200.0, 100.0
264, -2700.0, 700.0, 4000.0, 200.0, 200.0, 100.0
265, -2700.0, 900.0, 4000.0, 200.0, 200.0, 100.0
266, -2700.0, 1100.0, 4000.0, 200.0, 200.0, 100.0
267, -2700.0, 1300.0, 4000.0, 200.0, 200.0, 100.0
268, -2700.0, 1500.0, 4000.0, 200.0, 200.0, 100.0
269, -2700.0, 1700.0, 4000.0, 200.0, 200.0, 100.0
270, -2700.0, 1900.0, 4000.0, 200.0, 200.0, 100.0
271, -2700.0, 2100.0, 4000.0, 200.0, 200.0, 100.0
272, -2700.0, 2300.0, 4000.0, 200.0, 200.0, 100.0
273, -2700.0, 2500.0, 4000.0, 200.0, 200.0, 100.0
274, -2700.0, 2700.0, 4000.0, 200.0, 200.0, 100.0
275, -2700.0, 2900.0, 4000.0, 200.0, 200.0, 100.0
276, -2700.0, 3100.0, 4000.0, 200.0, 200.0, 100.0
277, -2700.0, 3300.0, 4000.0, 200.0, 200.0, 100.0
278, -2700.0, 3500.0, 4000.0, 200.0, 200.0, 100.0
279, -2700.0, 3700.0, 4000.0, 200.0, 200.0, 100.0
280, -2700.0, 3900.0, 4000.0, 200.0, 200.0, 100.0
281, -2500.0, -3900.0, 4000.0, 200.0, 200.0, 100.0
282, -2500.0, -3700.0, 4000.0, 200.0, 200.0, 100.0
283, -2500.0, -3500.0, 4000.0, 200.0, 200.0, 100.0
284, -2500.0, -3300.0, 4000.0, 200.0, 200.0, 100.0
285, -2500.0, -3100.0, 4000.0, 200.0, 200.0, 100.0
286, -2500.0, -2900.0, 4000.0, 200.0, 200.0, 100.0
287, -2500.0, -2700.0, 4000.0, 200.0, 200.0, 100.0
288, -2500.0, -2500.0, 4000.0, 200.0, 200.0, 100.0
289, -2500.0, -2300.0, 4000.0, 200.0, 200.0, 100.0
290, -2500.0, -2100.0, 4000.0, 200.0, 200.0, 100.0
291, -2500.0, -1900.0, 4000.0, 200.0, 200.0, 100.0
292, -2500.0, -1700.0, 4000.0, 200.0, 200.0, 100.0
293, -2500.0, -1500.0, 4000.0, 200.0, 200.0, 100.0
294, -2500.0, -1300.0, 4000.0, 200.0, 200.0, 100.0
295, -2500.0, -1100.0, 4000.0, 200.0, 200.0, 100.0
296, -2500.0, -900.0, 4000.0, 200.0, 200.0, 100.0
297, -2500.0, -700.0, 4000.0, 200.0, 200.0, 100.0
298, -2500.0, -500.0, 4000.0, 200.0, 200.0, 100.0
299, -2500.0, -300.0, 4000.0, 200.0, 200.0, 100.0
300, -2500.0, -100.0, 4000.0, 200.0, 200.0, 100.0
301, -2500.0, 100.0, 4000.0, 200.0, 200.0, 100.0
302, -2500.0, 300.0, 4000.0, 200.0, 200.0, 100.0
303, -2500.0, 500.0, 4000.0, 200.0, 200.0, 100.0
304, -2500.0, 700.0, 4000.0, 200.0, 200.0, 100.0
305, -2500.0, 900.0, 4000.0, 200.0, 200.0, 100.0
306, -2500.0, 1100.0, 4000.0, 200.0, 200.0, 100.0
307, -2500.0, 1300.0, 4000.0, 200.0, 200.0, 100.0
308, -2500.0, 1500.0, 4000.0, 200.0, 200.0, 100.0
309, -2500.0, 1700.0, 4000.0, 200.0, 200.0, 100.0
310, -2500.0, 1900.0, 4000.0, 200.0, 200.0, 100.0
311, -2500.0, 2100.0, 4000.0, 200.0, 200.0, 100.0
312, -2500.0, 2300.0, 4000.0, 200.0, 200.0, 100.0
313, -2500.0, 2500.0, 4000.0, 200.0, 200.0, 100.0
314, -2500.0, 2700.0, 4000.0, 200.0, 200.0, 100.0
315, -2500.0, 2900.0, 4000.0, 200.0, 200.0, 100.0
316, -2500.0, 3100.0, 4000.0, 200.0, 200.0, 100.0
317, -2500.0, 3300.0, 4000.0, 200.0, 200.0, 100.0
318, -2500.0, 3500.0, 4000.0, 200.0, 200.0, 100.0
319, -2500.0, 3700.0, 4000.0, 200.0, 200.0, 100.0
320, -2500.0, 3900.0, 4000.0, 200.0, 200.0, 100.0
321, -2300.0, -3900.0, 4000.0, 200.0, 200.0, 100.0
322, -2300.0, -3700.0, 4000.0, 200.0, 200.0, 100.0
323, -2300.0, -3500.0, 4000.0, 200.0, 200.0, 100.0
324, -2300.0, -3300.0, 4000.0, 200.0, 200.0, 100.0
325, -2300.0, -3100.0, 4000.0, 200.0, 200.0, 100.0
326, -2300.0, -2900.0, 4000.0, 200.0, 200.0, 100.0
327, -2300.0, -2700.0, 4000.0, 200.0, 200.0, 100.0
328, -2300.0, -2500.0, 4000.0, 200.0, 200.0, 100.0
329, -2300.0, -2300.0, 4000.0, 200.0, 200.0, 100.0
330, -2300.0, -2100.0, 4000.0, 200.0, 200.0, 100.0
331, -2300.0, -1900.0, 4000.0, 200.0, 200.0, 100.0
332, -2300.0, -1700.0, 4000.0, 200.0, 200.0, 100.0
333, -2300.0, -1500.0, 4000.0, 200.0, 200.0, 100.0
334, -2300.0, -1300.0, 4000.0, 200.0, 200.0, 100.0
335, -2300.0, -1100.0, 4000.0, 200.0, 200.0, 100.0
336, -2300.0, -900.0, 4000.0, 200.0, 200.0, 100.0
337, -2300.0, -700.0, 4000.0, 200.0, 200.0, 100.0
338, -2300.0, -500.0, 4000.0, 200.0, 200.0, 100.0
339, -2300.0, -300.0, 4000.0, 200.0, 200.0, 100.0
340, -2300.0, -100.0, 4000.0, 200.0, 200.0, 100.0
341, -2300.0, 100.0, 4000.0, 200.0, 200.0, 100.0
342, -2300.0, 300.0, 4000.0, 200.0, 200.0, 100.0
343, -2300.0, 500.0, 4000.0, 200.0, 200.0, 100.0
344, -2300.0, 700.0, 4000.0, 200.0, 200.0, 100.0
345, -2300.0, 900.0, 4000.0, 200.0, 200.0, 100.0
346, -2300.0, 1100.0, 4000.0, 200.0, 200.0, 100.0
347, -2300.0, 1300.0, 4000.0, 200.0, 200.0, 100.0
348, -2300.0, 1500.0, 4000.0, 200.0, 200.0, 100.0
349, -2300.0, 1700.0, 4000.0, 200.0, 200.0, 100.0
350, -2300.0, 1900.0, 4000.0, 200.0, 200.0, 100.0
351, -2300.0, 2100.0, 4000.0, 200.0, 200.0, 100.0
352, -2300.0, 2300.0, 4000.0, 200.0, 200.0, 100.0
353, -2300.0, 2500.0, 4000.0, 200.0, 200.0, 100.0
354, -2300.0, 2700.0, 4000.0, 200.0, 200.0, 100.0
355, -2300.0, 2900.0, 4000.0, 200.0, 200.0, 100.0
356, -2300.0, 3100.0, 4000.0, 200.0, 200.0, 100.0
357, -2300.0, 3300.0, 4000.0, 200.0, 200.0, 100.0
358, -2300.0, 3500.0, 4000.0, 200.0, 200.0, 100.0
359, -2300.0, 3700.0, 4000.0, 200.0, 200.0, 100.0
360, -2300.0, 3900.0, 4000.0, 200.0, 200.0, 100.0
361, -2100.0, -3900.0, 4000.0, 200.0, 200.0, 100.0
362, -2100.0, -3700.0, 4000.0, 200.0, 200.0, 100.0
363, -2100.0, -3500.0, 4000.0, 200.0, 200.0, 100.0
364, -2100.0, -3300.0, 4000.0, 200.0, 200.0, 100.0
365, -2100.0, -3100.0, 4000.0, 200.0, 200.0, 100.0
366, -2100.0, -2900.0, 4000.0, 200.0, 200.0, 100.0
367, -2100.0, -2700.0, 4000.0, 200.0, 200.0, 100.0
368, -2100.0, -2500.0, 4000.0, 200.0, 200.0, 100.0
369, -2100.0, -2300.0, 4000.0, 200.0, 200.0, 100.0
370, -2100.0, -2100.0, 4000.0, 200.0, 200.0, 100.0
371, -2100.0, -1900.0, 4000.0, 200.0, 200.0, 100.0
372, -2100.0, -1700.0, 4000.0, 200.0, 200.0, 100.0
373, -2100.0, -1500.0, 4000.0, 200.0, 200.0, 100.0
374, -2100.0, -1300.0, 4000.0, 200.0, 200.0, 100.0
375, -2100.0, -1100.0, 4000.0, 200.0, 200.0, 100.0
376, -2100.0, -900.0, 4000.0, 200.0, 200.0, 100.0
377, -2100.0, -700.0, 4000.0, 200.0, 200.0, 100.0
378, -2100.0, -500.0, 4000.0, 200.0, 200.0, 100.0
379, -2100.0, -300.0, 4000.0, 200.0, 200.0, 100.0
380, -2100.0, -100.0, 4000.0, 200.0, 200.0, 100.0
381, -2100.0, 100.0, 4000.0, 200.0, 200.0, 100.0
382, -2100.0, 300.0, 4000.0, 200.0, 200.0, 100.0
383, -2100.0, 500.0, 4000.0, 200.0, 200.0, 100.0
384, -2100.0, 700.0, 4000.0, 200.0, 200.0, 100.0
385, -2100.0, 900.0, 4000.0, 200.0, 200.0, 100.0
386, -2100.0, 1100.0, 4000.0, 200.0, 200.0, 100.0
387, -2100.0, 1300.0, 4000.0, 200.0, 200.0, 100.0
388, -2100.0, 1500.0, 4000.0, 200.0, 200.0, 100.0
389, -2100.0, 1700.0, 4000.0, 200.0, 200.0, 100.0
390, -2100.0, 1900.0, 4000.0, 200.0, 200.0, 100.0
391, -2100.0, 2100.0, 4000.0, 200.0, 200.0, 100.0
392, -2100.0, 2300.0, 4000.0, 200.0, 200.0, 100.0
393, -2100.0, 2500.0, 4000.0, 200.0, 200.0, 100.0
394, -2100.0, 2700.0, 4000.0, 200.0, 200.0, 100.0
395, -2100.0, 2900.0, 4000.0, 200.0, 200.0, 100.0
396, -2100.0, 3100.0, 4000.0, 200.0, 200.0, 100.0
397, -2100.0, 3300.0, 4000.0, 200.0, 200.0, 100.0
398, -2100.0, 3500.0, 4000.0, 200.0, 200.0, 100.0
399, -2100.0, 3700.0, 4000.0, 200.0, 200.0, 100.0
400, -2100.0, 3900.0, 4000.0, 200.0, 200.0, 100.0
401, -1900.0, -3900.0, 4000.0, 200.0, 200.0, 100.0
402, -1900.0, -3700.0, 4000.0, 200.0, 200.0, 100.0
403, -1900.0, -3500.0, 4000.0, 200.0, 200.0, 100.0
404, -1900.0, -3300.0, 4000.0, 200.0, 200.0, 100.0
405, -1900.0, -3100.0, 4000.0, 200.0, 200.0, 100.0
406, -1900.0, -2900.0, 4000.0, 200.0, 200.0, 100.0
407, -1900.0, -2700.0, 4000.0, 200.0, 200.0, 100.0
408, -1900.0, -2500.0, 4000.0, 200.0, 200.0, 100.0
409, -1900.0, -2300.0, 4000.0, 200.0, 200.0, 100.0
410, -1900.0, -2100.0, 4000.0, 200.0, 200.0, 100.0
411, -1900.0, -1900.0, 4000.0, 200.0, 200.0, 100.0
412, -1900.0, -1700.0, 4000.0, 200.0, 200.0, 100.0
413, -1900.0, -1500.0, 4000.0, 200.0, 200.0, 100.0
414, -1900.0, -1300.0, 4000.0, 200.0, 200.0, 100.0
415, -1900.0, -1100.0, 4000.0, 200.0, 200.0, 100.0
416, -1900.0, -900.0, 4000.0, 200.0, 200.0, 100.0
417, -1900.0, -700.0, 4000.0, 200.0, 200.0, 100.0
418, -1900.0, -500.0, 4000.0, 200.0, 200.0, 100.0
419, -1900.0, -300.0, 4000.0, 200.0, 200.0, 100.0
420, -1900.0, -100.0, 4000.0, 200.0, 200.0, 100.0
421, -1900.0, 100.0, 4000.0, 200.0, 200.0, 100.0
422, -1900.0, 300.0, 4000.0, 200.0, 200.0, 100.0
423, -1900.0, 500.0, 4000.0, 200.0, 200.0, 100.0
424, -1900.0, 700.0, 4000.0, 200.0, 200.0, 100.0
425, -1900.0, 900.0, 4000.0, 200.0, 200.0, 100.0
426, -1900.0, 1100.0, 4000.0, 200.0, 200.0, 100.0
427, -1900.0, 1300.0, 4000.0, 200.0, 200.0, 100.0
428, -1900.0, 1500.0, 4000.0, 200.0, 200.0, 100.0
429, -1900.0, 1700.0, 4000.0, 200.0, 200.0, 100.0
430, -1900.0, 1900.0, 4000.0, 200.0, 200.0, 100.0
431, -1900.0, 2100.0, 4000.0, 200.0, 200.0, 100.0
432, -1900.0, 2300.0, 4000.0, 200.0, 200.0, 100.0
433, -1900.0, 2500.0, 4000.0, 200.0, 200.0, 100.0
434, -1900.0, 2700.0, 4000.0, 200.0, 200.0, 100.0
435, -1900.0, 2900.0, 4000.0, 200.0, 200.0, 100.0
436, -1900.0, 3100.0, 4000.0, 200.0, 200.0, 100.0
437, -1900.0, 3300.0, 4000.0, 200.0, 200.0, 100.0
438, -1900.0, 3500.0, 4000.0, 200.0, 200.0, 100.0
439, -1900.0, 3700.0, 4000.0, 200.0, 200.0, 100.0
440, -1900.0, 3900.0, 4000.0, 200.0, 200.0, 100.0
441, -1700.0, -3900.0, 4000.0, 200.0, 200.0, 100.0
442, -1700.0, -3700.0, 4000.0, 200.0, 200.0, 100.0
443, -1700.0, -3500.0, 4000.0, 200.0, 200.0, 100.0
444, -1700.0, -3300.0, 4000.0, 200.0, 200.0, 100.0
445, -1700.0, -3100.0, 4000.0, 200.0, 200.0, 100.0
446, -1700.0, -2900.0, 4000.0, 200.0, 200.0, 100.0
447, -1700.0, -2700.0, 4000.0, 200.0, 200.0, 100.0
448, -1700.0, -2500.0, 4000.0, 200.0, 200.0, 100.0
449, -1700.0, -2300.0, 4000.0, 200.0, 200.0, 100.0
450, -1700.0, -2100.0, 4000.0, 200.0, 200.0, 100.0
451, -1700.0, -1900.0, 4000.0, 200.0, 200.0, 100.0
452, -1700.0, -1700.0, 4000.0, 200.0, 200.0, 100.0
453, -1700.0, -1500.0, 4000.0, 200.0, 200.0, 100.0
454, -1700.0, -1300.0, 4000.0, 200.0, 200.0, 100.0
455, -1700.0, -1100.0, 4000.0, 200.0, 200.0, 100.0
456, -1700.0, -900.0, 4000.0, 200.0, 200.0, 100.0
457, -1700.0, -700.0, 4000.0, 200.0, 200.0, 100.0
458, -1700.0, -500.0, 4000.0, 200.0, 200.0, 100.0
459, -1700.0, -300.0, 4000.0, 200.0, 200.0, 100.0
460, -1700.0, -100.0, 4000.0, 200.0, 200.0, 100.0
461, -1700.0, 100.0, 4000.0, 200.0, 200.0, 100.0
462, -1700.0, 300.0, 4000.0, 200.0, 200.0, 100.0
463, -1700.0, 500.0, 4000.0, 200.0, 200.0, 100.0
464, -1700.0, 700.0, 4000.0, 200.0, 200.0, 100.0
465, -1700.0, 900.0, 4000.0, 200.0, 200.0, 100.0
466, -1700.0, 1100.0, 4000.0, 200.0, 200.0, 100.0
467, -1700.0, 1300.0, 4000.0, 200.0, 200.0, 100.0
468, -1700.0, 1500.0, 4000.0, 200.0, 200.0, 100.0
469, -1700.0, 1700.0, 4000.0, 200.0, 200.0, 100.0
470, -1700.0, 1900.0, 4000.0, 200.0, 200.0, 100.0
471, -1700.0, 2100.0, 4000.0, 200.0, 200.0, 100.0
472, -1700.0, 2300.0, 4000.0, 200.0, 200.0, 100.0
473, -1700.0, 2500.0, 4000.0, 200.0, 200.0, 100.0
474, -1700.0, 2700.0, 4000.0, 200.0, 200.0, 100.0
475, -1700.0, 2900.0, 4000.0, 200.0, 200.0, 100.0
476, -1700.0, 3100.0, 4000.0, 200.0, 200.0, 100.0
477, -1700.0, 3300.0, 4000.0, 200.0, 200.0, 100.0
478, -1700.0, 3500.0, 4000.0, 200.0, 200.0, 100.0
479, -1700.0, 3700.0, 4000.0, 200.0, 200.0, 100.0
480, -1700.0, 3900.0, 4000.0, 200.0, 200.0, 100.0
481, -1500.0, -3900.0, 4000.0, 200.0, 200.0, 100.0
482, -1500.0, -3700.0, 4000.0, 200.0, 200.0, 100.0
483, -1500.0, -3500.0, 4000.0, 200.0, 200.0, 100.0
484, -1500.0, -3300.0, 4000.0, 200.0, 200.0, 100.0
485, -1500.0, -3100.0, 4000.0, 200.0, 200.0, 100.0
486, -1500.0, -2900.0, 4000.0, 200.0, 200.0, 100.0
487, -1500.0, -2700.0, 4000.0, 200.0, 200.0, 100.0
488, -1500.0, -2500.0, 4000.0, 200.0, 200.0, 100.0
489, -1500.0, -2300.0, 4000.0, 200.0, 200.0, 100.0
490, -1500.0, -2100.0, 4000.0, 200.0, 200.0, 100.0
491, -1500.0, -1900.0, 4000.0, 200.0, 200.0, 100.0
492, -1500.0, -1700.0, 4000.0, 200.0, 200.0, 100.0
493, -1500.0, -1500.0, 4000.0, 200.0, 200.0, 100.0
494, -1500.0, -1300.0, 4000.0, 200.0, 200.0, 100.0
495, -1500.0, -1100.0, 4000.0, 200.0, 200.0, 100.0
496, -1500.0, -900.0, 4000.0, 200.0, 200.0, 100.0
497, -1500.0, -700.0, 4000.0, 200.0, 200.0, 100.0
498, -1500.0, -500.0, 4000.0, 200.0, 200.0, 100.0
499, -1500.0, -300.0, 4000.0, 200.0, 200.0, 100.0
500, -1500.0, -100.0, 4000.0, 200.0, 200.0, 100.0
501, -1500.0, 100.0, 4000.0, 200.0, 200.0, 100.0
502, -1500.0, 300.0, 4000.0, 200.0, 200.0, 100.0
503, -1500.0, 500.0, 4000.0, 200.0, 200.0, 100.0
504, -1500.0, 700.0, 4000.0, 200.0, 200.0, 100.0
505, -1500.0, 900.0, 4000.0, 200.0, 200.0, 100.0
506, -1500.0, 1100.0, 4000.0, 200.0, 200.0, 100.0
507, -1500.0, 1300.0, 4000.0, 200.0, 200.0, 100.0
508, -1500.0, 1500.0, 4000.0, 200.0, 200.0, 100.0
509, -1500.0, 1700.0, 4000.0, 200.0, 200.0, 100.0
510, -1500.0, 1900.0, 4000.0, 200.0, 200.0, 100.0
511, -1500.0, 2100.0, 4000.0, 200.0, 200.0, 100.0
512, -1500.0, 2300.0, 4000.0, 200.0, 200.0, 100.0
513, -1500.0, 2500.0, 4000.0, 200.0, 200.0, 100.0
514, -1500.0, 2700.0, 4000.0, 200.0, 200.0, 100.0
515, -1500.0, 2900.0, 4000.0, 200.0, 200.0, 100.0
516, -1500.0, 3100.0, 4000.0, 200.0, 200.0, 100.0
517, -1500.0, 3300.0, 4000.0, 200.0, 200.0, 100.0
518, -1500.0, 3500.0, 4000.0, 200.0, 200.0, 100.0
519, -1500.0, 3700.0, 4000.0, 200.0, 200.0, 100.0
520, -1500.0, 3900.0, 4000.0, 200.0, 200.0, 100.0
521, -1300.0, -3900.0, 4000.0, 200.0, 200.0, 100.0
522, -1300.0, -3700.0, 4000.0, 200.0, 200.0, 100.0
523, -1300.0, -3500.0, 4000.0, 200.0, 200.0, 100.0
524, -1300.0, -3300.0, 4000.0, 200.0, 200.0, 100.0
525, -1300.0, -3100.0, 4000.0, 200.0, 200.0, 100.0
526, -1300.0, -2900.0, 4000.0, 200.0, 200.0, 100.0
527, -1300.0, -2700.0, 4000.0, 200.0, 200.0, 100.0
528, -1300.0, -2500.0, 4000.0, 200.0, 200.0, 100.0
529, -1300.0, -2300.0, 4000.0, 200.0, 200.0, 100.0
530, -1300.0, -2100.0, 4000.0, 200.0, 200.0, 100.0
531, -1300.0, -1900.0, 4000.0, 200.0, 200.0, 100.0
532, -1300.0, -1700.0, 4000.0, 200.0, 200.0, 100.0
533, -1300.0, -1500.0, 4000.0, 200.0, 200.0, 100.0
534, -1300.0, -1300.0, 4000.0, 200.0, 200.0, 100.0
535, -1300.0, -1100.0, 4000.0, 200.0, 200.0, 100.0
536, -1300.0, -900.0, 4000.0, 200.0, 200.0, 100.0
537, -1300.0, -700.0, 4000.0, 200.0, 200.0, 100.0
538, -1300.0, -500.0, 4000.0, 200.0, 200.0, 100.0
539, -1300.0, -300.0, 4000.0, 200.0, 200.0, 100.0
540, -1300.0, -100.0, 4000.0, 200.0, 200.0, 100.0
541, -1300.0, 100.0, 4000.0, 200.0, 200.0, 100.0
542, -1300.0, 300.0, 4000.0, 200.0, 200.0, 100.0
543, -1300.0, 500.0, 4000.0, 200.0, 200.0, 100.0
544, -1300.0, 700.0, 4000.0, 200.0, 200.0, 100.0
545, -1300.0, 900.0, 4000.0, 200.0, 200.0, 100.0
546, -1300.0, 1100.0, 4000.0, 200.0, 200.0, 100.0
547, -1300.0, 1300.0, 4000.0, 200.0, 200.0, 100.0
548, -1300.0, 1500.0, 4000.0, 200.0, 200.0, 100.0
549, -1300.0, 1700.0, 4000.0, 200.0, 200.0, 100.0
550, -1300.0, 1900.0, 4000.0, 200.0, 200.0, 100.0
551, -1300.0, 2100.0, 4000.0, 200.0, 200.0, 100.0
552, -1300.0, 2300.0, 4000.0, 200.0, 200.0, 100.0
553, -1300.0, 2500.0, 4000.0, 200.0, 200.0, 100.0
554, -1300.0, 2700.0, 4000.0, 200.0, 200.0, 100.0
555, -1300.0, 2900.0, 4000.0, 200.0, 200.0, 100.0
556, -1300.0, 3100.0, 4000.0, 200.0, 200.0, 100.0
557, -1300.0, 3300.0, 4000.0, 200.0, 200.0, 100.0
558, -1300.0, 3500.0, 4000.0, 200.0, 200.0, 100.0
559, -1300.0, 3700.0, 4000.0, 200.0, 200.0, 100.0
560, -1300.0, 3900.0, 4000.0, 200.0, 200.0, 100.0
561, -1100.0, -3900.0, 4000.0, 200.0, 200.0, 100.0
562, -1100.0, -3700.0, 4000.0, 200.0, 200.0, 100.0
563, -1100.0, -3500.0, 4000.0, 200.0, 200.0, 100.0
564, -1100.0, -3300.0, 4000.0, 200.0, 200.0, 100.0
565, -1100.0, -3100.0, 4000.0, 200.0, 200.0, 100.0
566, -1100.0, -2900.0, 4000.0, 200.0, 200.0, 100.0
567, -1100.0, -2700.0, 4000.0, 200.0, 200.0, 100.0
568, -1100.0, -2500.0, 4000.0, 200.0, 200.0, 100.0
569, -1100.0, -2300.0, 4000.0, 200.0, 200.0, 100.0
570, -1100.0, -2100.0, 4000.0, 200.0, 200.0, 100.0
571, -1100.0, -1900.0, 4000.0, 200.0, 200.0, 100.0
572, -1100.0, -1700.0, 4000.0, 200.0, 200.0, 100.0
573, -1100.0, -1500.0, 4000.0, 200.0, 200.0, 100.0
574, -1100.0, -1300.0, 4000.0, 200.0, 200.0, 100.0
575, -1100.0, -1100.0, 4000.0, 200.0, 200.0, 100.0
576, -1100.0, -900.0, 4000.0, 200.0, 200.0, 100.0
577, -1100.0, -700.0, 4000.0, 200.0, 200.0, 100.0
578, -1100.0, -500.0, 4000.0, 200.0, 200.0, 100.0
579, -1100.0, -300.0, 4000.0, 200.0, 200.0, 100.0
580, -1100.0, -100.0, 4000.0, 200.0, 200.0, 100.0
581, -1100.0, 100.0, 4000.0, 200.0, 200.0, 100.0
582, -1100.0, 300.0, 4000.0, 200.0, 200.0, 100.0
583, -1100.0, 500.0, 4000.0, 200.0, 200.0, 100.0
584, -1100.0, 700.0, 4000.0, 200.0, 200.0, 100.0
585, -1100.0, 900.0, 4000.0, 200.0, 200.0, 100.0
586, -1100.0, 1100.0, 4000.0, 200.0, 200.0, 100.0
587, -1100.0, 1300.0, 4000.0, 200.0, 200.0, 100.0
588, -1100.0, 1500.0, 4000.0, 200.0, 200.0, 100.0
589, -1100.0, 1700.0, 4000.0, 200.0, 200.0, 100.0
590, -1100.0, 1900.0, 4000.0, 200.0, 200.0, 100.0
591, -1100.0, 2100.0, 4000.0, 200.0, 200.0, 100.0
592, -1100.0, 2300.0, 4000.0, 200.0, 200.0, 100.0
593, -1100.0, 2500.0, 4000.0, 200.0, 200.0, 100.0
594, -1100.0, 2700.0, 4000.0, 200.0, 200.0, 100.0
595, -1100.0, 2900.0, 4000.0, 200.0, 200.0, 100.0
596, -1100.0, 3100.0, 4000.0, 200.0, 200.0, 100.0
597, -1100.0, 3300.0, 4000.0, 200.0, 200.0, 100.0
598, -1100.0, 3500.0, 4000.0, 200.0, 200.0, 100.0
599, -1100.0, 3700.0, 4000.0, 200.0, 200.0, 100.0
600, -1100.0, 3900.0, 4000.0, 200.0, 200.0, 100.0
601, -900.0, -3900.0, 4000.0, 200.0, 200.0, 100.0
602, -900.0, -3700.0, 4000.0, 200.0, 200.0, 100.0
603, -900.0, -3500.0, 4000.0, 200.0, 200.0, 100.0
604, -900.0, -3300.0, 4000.0, 200.0, 200.0, 100.0
605, -900.0, -3100.0, 4000.0, 200.0, 200.0, 100.0
606, -900.0, -2900.0, 4000.0, 200.0, 200.0, 100.0
607, -900.0, -2700.0, 4000.0, 200.0, 200.0, 100.0
608, -900.0, -2500.0, 4000.0, 200.0, 200.0, 100.0
609, -900.0, -2300.0, 4000.0, 200.0, 200.0, 100.0
610, -900.0, -2100.0, 4000.0, 200.0, 200.0, 100.0
611, -900.0, -1900.0, 4000.0, 200.0, 200.0, 100.0
612, -900.0, -1700.0, 4000.0, 200.0, 200.0, 100.0
613, -900.0, -1500.0, 4000.0, 200.0, 200.0, 100.0
614, -900.0, -1300.0, 4000.0, 200.0, 200.0, 100.0
615, -900.0, -1100.0, 4000.0, 200.0, 200.0, 100.0
616, -900.0, -900.0, 4000.0, 200.0, 200.0, 100.0
617, -900.0, -700.0, 4000.0, 200.0, 200.0, 100.0
618, -900.0, -500.0, 4000.0, 200.0, 200.0, 100.0
619, -900.0, -300.0, 4000.0, 200.0, 200.0, 100.0
620, -900.0, -100.0, 4000.0, 200.0, 200.0, 100.0
621, -900.0, 100.0, 4000.0, 200.0, 200.0, 100.0
622, -900.0, 300.0, 4000.0, 200.0, 200.0, 100.0
623, -900.0, 500.0, 4000.0, 200.0, 200.0, 100.0
624, -900.0, 700.0, 4000.0, 200.0, 200.0, 100.0
625, -900.0, 900.0, 4000.0, 200.0, 200.0, 100.0
626, -900.0, 1100.0, 4000.0, 200.0, 200.0, 100.0
627, -900.0, 1300.0, 4000.0, 200.0, 200.0, 100.0
628, -900.0, 1500.0, 4000.0, 200.0, 200.0, 100.0
629, -900.0, 1700.0, 4000.0, 200.0, 200.0, 100.0
630, -900.0, 1900.0, 4000.0, 200.0, 200.0, 100.0
631, -900.0, 2100.0, 4000.0, 200.0, 200.0, 100.0
632, -900.0, 2300.0, 4000.0, 200.0, 200.0, 100.0
633, -900.0, 2500.0, 4000.0, 200.0, 200.0, 100.0
634, -900.0, 2700.0, 4000.0, 200.0, 200.0, 100.0
635, -900.0, 2900.0, 4000.0, 200.0, 200.0, 100.0
636, -900.0, 3100.0, 4000.0, 200.0, 200.0, 100.0
637, -900.0, 3300.0, 4000.0, 200.0, 200.0, 100.0
638, -900.0, 3500.0, 4000.0, 200.0, 200.0, 100.0
639, -900.0, 3700.0, 4000.0, 200.0, 200.0, 100.0
640, -900.0, 3900.0, 4000.0, 200.0, 200.0, 100.0
641, -700.0, -3900.0, 4000.0, 200.0, 200.0, 100.0
642, -700.0, -3700.0, 4000.0, 200.0, 200.0, 100.0
643, -700.0, -3500.0, 4000.0, 200.0, 200.0, 100.0
644, -700.0, -3300.0, 4000.0, 200.0, 200.0, 100.0
645, -700.0, -3100.0, 4000.0, 200.0, 200.0, 100.0
646, -700.0, -2900.0, 4000.0, 200.0, 200.0, 100.0
647, -700.0, -2700.0, 4000.0, 200.0, 200.0, 100.0
648, -700.0, -2500.0, 4000.0, 200.0, 200.0, 100.0
649, -700.0, -2300.0, 4000.0, 200.0, 200.0, 100.0
650, -700.0, -2100.0, 4000.0, 200.0, 200.0, 100.0
651, -700.0, -1900.0, 4000.0, 200.0, 200.0, 100.0
652, -700.0, -1700.0, 4000.0, 200.0, 200.0, 100.0
653, -700.0, -1500.0, 4000.0, 200.0, 200.0, 100.0
654, -700.0, -1300.0, 4000.0, 200.0, 200.0, 100.0
655, -700.0, -1100.0, 4000.0, 200.0, 200.0, 100.0
656, -700.0, -900.0, 4000.0, 200.0, 200.0, 100.0
657, -700.0, -700.0, 4000.0, 200.0, 200.0, 100.0
658, -700.0, -500.0, 4000.0, 200.0, 200.0, 100.0
659, -700.0, -300.0, 4000.0, 200.0, 200.0, 100.0
660, -700.0, -100.0, 4000.0, 200.0, 200.0, 100.0
661, -700.0, 100.0, 4000.0, 200.0, 200.0, 100.0
662, -700.0, 300.0, 4000.0, 200.0, 200.0, 100.0
663, -700.0, 500.0, 4000.0, 200.0, 200.0, 100.0
664, -700.0, 700.0, 4000.0, 200.0, 200.0, 100.0
665, -700.0, 900.0, 4000.0, 200.0, 200.0, 100.0
666, -700.0, 1100.0, 4000.0, 200.0, 200.0, 100.0
667, -700.0, 1300.0, 4000.0, 200.0, 200.0, 100.0
668, -700.0, 1500.0, 4000.0, 200.0, 200.0, 100.0
669, -700.0, 1700.0, 4000.0, 200.0, 200.0, 100.0
670, -700.0, 1900.0, 4000.0, 200.0, 200.0, 100.0
671, -700.0, 2100.0, 4000.0, 200.0, 200.0, 100.0
672, -700.0, 2300.0, 4000.0, 200.0, 200.0, 100.0
673, -700.0, 2500.0, 4000.0, 200.0, 200.0, 100.0
674, -700.0, 2700.0, 4000.0, 200.0, 200.0, 100.0
675, -700.0, 2900.0, 4000.0, 200.0, 200.0, 100.0
676, -700.0, 3100.0, 4000.0, 200.0, 200.0, 100.0
677, -700.0, 3300.0, 4000.0, 200.0, 200.0, 100.0
678, -700.0, 3500.0, 4000.0, 200.0, 200.0, 100.0
679, -700.0, 3700.0, 4000.0, 200.0, 200.0, 100.0
680, -700.0, 3900.0, 4000.0, 200.0, 200.0, 100.0
681, -500.0, -3900.0, 4000.0, 200.0, 200.0, 100.0
682, -500.0, -3700.0, 4000.0, 200.0, 200.0, 100.0
683, -500.0, -3500.0, 4000.0, 200.0, 200.0, 100.0
684, -500.0, -3300.0, 4000.0, 200.0, 200.0, 100.0
685, -500.0, -3100.0, 4000.0, 200.0, 200.0, 100.0
686, -500.0, -2900.0, 4000.0, 200.0, 200.0, 100.0
687, -500.0, -2700.0, 4000.0, 200.0, 200.0, 100.0
688, -500.0, -2500.0, 4000.0, 200.0, 200.0, 100.0
689, -500.0, -2300.0, 4000.0, 200.0, 200.0, 100.0
690, -500.0, -2100.0, 4000.0, 200.0, 200.0, 100.0
691, -500.0, -1900.0, 4000.0, 200.0, 200.0, 100.0
692, -500.0, -1700.0, 4000.0, 200.0, 200.0, 100.0
693, -500.0, -1500.0, 4000.0, 200.0, 200.0, 100.0
694, -500.0, -1300.0, 4000.0, 200.0, 200.0, 100.0
695, -500.0, -1100.0, 4000.0, 200.0, 200.0, 100.0
696, -500.0, -900.0, 4000.0, 200.0, 200.0, 100.0
697, -500.0, -700.0, 4000.0, 200.0, 200.0, 100.0
698, -500.0, -500.0, 4000.0, 200.0, 200.0, 100.0
699, -500.0, -300.0, 4000.0, 200.0, 200.0, 100.0
700, -500.0, -100.0, 4000.0, 200.0, 200.0, 100.0
701, -500.0, 100.0, 4000.0, 200.0, 200.0, 100.0
702, -500.0, 300.0, 4000.0, 200.0, 200.0, 100.0
703, -500.0, 500.0, 4000.0, 200.0, 200.0, 100.0
704, -500.0, 700.0, 4000.0, 200.0, 200.0, 100.0
705, -500.0, 900.0, 4000.0, 200.0, 200.0, 100.0
706, -500.0, 1100.0, 4000.0, 200.0, 200.0, 100.0
707, -500.0, 1300.0, 4000.0, 200.0, 200.0, 100.0
708, -500.0, 1500.0, 4000.0, 200.0, 200.0, 100.0
709, -500.0, 1700.0, 4000.0, 200.0, 200.0, 100.0
710, -500.0, 1900.0, 4000.0, 200.0, 200.0, 100.0
711, -500.0, 2100.0, 4000.0, 200.0, 200.0, 100.0
712, -500.0, 2300.0, 4000.0, 200.0, 200.0, 100.0
713, -500.0, 2500.0, 4000.0, 200.0, 200.0, 100.0
714, -500.0, 2700.0, 4000.0, 200.0, 200.0, 100.0
715, -500.0, 2900.0, 4000.0, 200.0, 200.0, 100.0
716, -500.0, 3100.0, 4000.0, 200.0, 200.0, 100.0
717, -500.0, 3300.0, 4000.0, 200.0, 200.0, 100.0
718, -500.0, 3500.0, 4000.0, 200.0, 200.0, 100.0
719, -500.0, 3700.0, 4000.0, 200.0, 200.0, 100.0
720, -500.0, 3900.0, 4000.0, 200.0, 200.0, 100.0
721, -300.0, -3900.0, 4000.0, 200.0, 200.0, 100.0
722, -300.0, -3700.0, 4000.0, 200.0, 200.0, 100.0
723, -300.0, -3500.0, 4000.0, 200.0, 200.0, 100.0
724, -300.0, -3300.0, 4000.0, 200.0, 200.0, 100.0
725, -300.0, -3100.0, 4000.0, 200.0, 200.0, 100.0
726, -300.0, -2900.0, 4000.0, 200.0, 200.0, 100.0
727, -300.0, -2700.0, 4000.0, 200.0, 200.0, 100.0
728, -300.0, -2500.0, 4000.0, 200.0, 200.0, 100.0
729, -300.0, -2300.0, 4000.0, 200.0, 200.0, 100.0
730, -300.0, -2100.0, 4000.0, 200.0, 200.0, 100.0
731, -300.0, -1900.0, 4000.0, 200.0, 200.0, 100.0
732, -300.0, -1700.0, 4000.0, 200.0, 200.0, 100.0
733, -300.0, -1500.0, 4000.0, 200.0, 200.0, 100.0
734, -300.0, -1300.0, 4000.0, 200.0, 200.0, 100.0
735, -300.0, -1100.0, 4000.0, 200.0, 200.0, 100.0
736, -300.0, -900.0, 4000.0, 200.0, 200.0, 100.0
737, -300.0, -700.0, 4000.0, 200.0, 200.0, 100.0
738, -300.0, -500.0, 4000.0, 200.0, 200.0, 100.0
739, -300.0, -300.0, 4000.0, 200.0, 200.0, 100.0
740, -300.0, -100.0, 4000.0, 200.0, 200.0, 100.0
741, -300.0, 100.0, 4000.0, 200.0, 200.0, 100.0
742, -300.0, 300.0, 4000.0, 200.0, 200.0, 100.0
743, -300.0, 500.0, 4000.0, 200.0, 200.0, 100.0
744, -300.0, 700.0, 4000.0, 200.0, 200.0, 100.0
745, -300.0, 900.0, 4000.0, 200.0, 200.0, 100.0
746, -300.0, 1100.0, 4000.0, 200.0, 200.0, 100.0
747, -300.0, 1300.0, 4000.0, 200.0, 200.0, 100.0
748, -300.0, 1500.0, 4000.0, 200.0, 200.0, 100.0
749, -300.0, 1700.0, 4000.0, 200.0, 200.0, 100.0
750, -300.0, 1900.0, 4000.0, 200.0, 200.0, 100.0
751, -300.0, 2100.0, 4000.0, 200.0, 200.0, 100.0
752, -300.0, 2300.0, 4000.0, 200.0, 200.0, 100.0
753, -300.0, 2500.0, 4000.0, 200.0, 200.0, 100.0
754, -300.0, 2700.0, 4000.0, 200.0, 200.0, 100.0
755, -300.0, 2900.0, 4000.0, 200.0, 200.0, 100.0
756, -300.0, 3100.0, 4000.0, 200.0, 200.0, 100.0
757, -300.0, 3300.0, 4000.0, 200.0, 200.0, 100.0
758, -300.0, 3500.0, 4000.0, 200.0, 200.0, 100.0
759, -300.0, 3700.0, 4000.0, 200.0, 200.0, 100.0
760, -300.0, 3900.0, 4000.0, 200.0, 200.0, 100.0
761, -100.0, -3900.0, 4000.0, 200.0, 200.0, 100.0
762, -100.0, -3700.0, 4000.0, 200.0, 200.0, 100.0
763, -100.0, -3500.0, 4000.0, 200.0, 200.0, 100.0
764, -100.0, -3300.0, 4000.0, 200.0, 200.0, 100.0
765, -100.0, -3100.0, 4000.0, 200.0, 200.0, 100.0
766, -100.0, -2900.0, 4000.0, 200.0, 200.0, 100.0
767, -100.0, -2700.0, 4000.0, 200.0, 200.0, 100.0
768, -100.0, -2500.0, 4000.0, 200.0, 200.0, 100.0
769, -100.0, -2300.0, 4000.0, 200.0, 200.0, 100.0
770, -100.0, -2100.0, 4000.0, 200.0, 200.0, 100.0
771, -100.0, -1900.0, 4000.0, 200.0, 200.0, 100.0
772, -100.0, -1700.0, 4000.0, 200.0, 200.0, 100.0
773, -100.0, -1500.0, 4000.0, 200.0, 200.0, 100.0
774, -100.0, -1300.0, 4000.0, 200.0, 200.0, 100.0
775, -100.0, -1100.0, 4000.0, 200.0, 200.0, 100.0
776, -100.0, -900.0, 4000.0, 200.0, 200.0, 100.0
777, -100.0, -700.0, 4000.0, 200.0, 200.0, 100.0
778, -100.0, -500.0, 4000.0, 200.0, 200.0, 100.0
779, -100.0, -300.0, 4000.0, 200.0, 200.0, 100.0
780, -100.0, -100.0, 4000.0, 200.0, 200.0, 100.0
781, -100.0, 100.0, 4000.0, 200.0, 200.0, 100.0
782, -100.0, 300.0, 4000.0, 200.0, 200.0, 100.0
783, -100.0, 500.0, 4000.0, 200.0, 200.0, 100.0
784, -100.0, 700.0, 4000.0, 200.0, 200.0, 100.0
785, -100.0, 900.0, 4000.0, 200.0, 200.0, 100.0
786, -100.0, 1100.0, 4000.0, 200.0, 200.0, 100.0
787, -100.0, 1300.0, 4000.0, 200.0, 200.0, 100.0
788, -100.0, 1500.0, 4000.0, 200.0, 200.0, 100.0
789, -100.0, 1700.0, 4000.0, 200.0, 200.0, 100.0
790, -100.0, 1900.0, 4000.0, 200.0, 200.0, 100.0
791, -100.0, 2100.0, 4000.0, 200.0, 200.0, 100.0
792, -100.0, 2300.0, 4000.0, 200.0, 200.0, 100.0
793, -100.0, 2500.0, 4000.0, 200.0, 200.0, 100.0
794, -100.0, 2700.0, 4000.0, 200.0, 200.0, 100.0
795, -100.0, 2900.0, 4000.0, 200.0, 200.0, 100.0
796, -100.0, 3100.0, 4000.0, 200.0, 200.0, 100.0
797, -100.0, 3300.0, 4000.0, 200.0, 200.0, 100.0
798, -100.0, 3500.0, 4000.0, 200.0, 200.0, 100.0
799, -100.0, 3700.0, 4000.0, 200.0, 200.0, 100.0
800, -100.0, 3900.0, 4000.0, 200.0, 200.0, 100.0
801, 100.0, -3900.0, 4000.0, 200.0, 200.0, 100.0
802, 100.0, -3700.0, 4000.0, 200.0, 200.0, 100.0
803, 100.0, -3500.0, 4000.0, 200.0, 200.0, 100.0
804, 100.0, -3300.0, 4000.0, 200.0, 200.0, 100.0
805, 100.0, -3100.0, 4000.0, 200.0, 200.0, 100.0
806, 100.0, -2900.0, 4000.0, 200.0, 200.0, 100.0
807, 100.0, -2700.0, 4000.0, 200.0, 200.0, 100.0
808, 100.0, -2500.0, 4000.0, 200.0, 200.0, 100.0
809, 100.0, -2300.0, 4000.0, 200.0, 200.0, 100.0
810, 100.0, -2100.0, 4000.0, 200.0, 200.0, 100.0
811, 100.0, -1900.0, 4000.0, 200.0, 200.0, 100.0
812, 100.0, -1700.0, 4000.0, 200.0, 200.0, 100.0
813, 100.0, -1500.0, 4000.0, 200.0, 200.0, 100.0
814, 100.0, -1300.0, 4000.0, 200.0, 200.0, 100.0
815, 100.0, -1100.0, 4000.0, 200.0, 200.0, 100.0
816, 100.0, -900.0, 4000.0, 200.0, 200.0, 100.0
817, 100.0, -700.0, 4000.0, 200.0, 200.0, 100.0
818, 100.0, -500.0, 4000.0, 200.0, 200.0, 100.0
819, 100.0, -300.0, 4000.0, 200.0, 200.0, 100.0
820, 100.0, -100.0, 4000.0, 200.0, 200.0, 100.0
821, 100.0, 100.0, 4000.0, 200.0, 200.0, 100.0
822, 100.0, 300.0, 4000.0, 200.0, 200.0, 100.0
823, 100.0, 500.0, 4000.0, 200.0, 200.0, 100.0
824, 100.0, 700.0, 4000.0, 200.0, 200.0, 100.0
825, 100.0, 900.0, 4000.0, 200.0, 200.0, 100.0
826, 100.0, 1100.0, 4000.0, 200.0, 200.0, 100.0
827, 100.0, 1300.0, 4000.0, 200.0, 200.0, 100.0
828, 100.0, 1500.0, 4000.0, 200.0, 200.0, 100.0
829, 100.0, 1700.0, 4000.0, 200.0, 200.0, 100.0
830, 100.0, 1900.0, 4000.0, 200.0, 200.0, 100.0
831, 100.0, 2100.0, 4000.0, 200.0, 200.0, 100.0
832, 100.0, 2300.0, 4000.0, 200.0, 200.0, 100.0
833, 100.0, 2500.0, 4000.0, 200.0, 200.0, 100.0
834, 100.0, 2700.0, 4000.0, 200.0, 200.0, 100.0
835, 100.0, 2900.0, 4000.0, 200.0, 200.0, 100.0
836, 100.0, 3100.0, 4000.0, 200.0, 200.0, 100.0
837, 100.0, 3300.0, 4000.0, 200.0, 200.0, 100.0
838, 100.0, 3500.0, 4000.0, 200.0, 200.0, 100.0
839, 100.0, 3700.0, 4000.0, 200.0, 200.0, 100.0
840, 100.0, 3900.0, 4000.0, 200.0, 200.0, 100.0
841, 300.0, -3900.0, 4000.0, 200.0, 200.0, 100.0
842, 300.0, -3700.0, 4000.0, 200.0, 200.0, 100.0
843, 300.0, -3500.0, 4000.0, 200.0, 200.0, 100.0
844, 300.0, -3300.0, 4000.0, 200.0, 200.0, 100.0
845, 300.0, -3100.0, 4000.0, 200.0, 200.0, 100.0
846, 300.0, -2900.0, 4000.0, 200.0, 200.0, 100.0
847, 300.0, -2700.0, 4000.0, 200.0, 200.0, 100.0
848, 300.0, -2500.0, 4000.0, 200.0, 200.0, 100.0
849, 300.0, -2300.0, 4000.0, 200.0, 200.0, 100.0
850, 300.0, -2100.0, 4000.0, 200.0, 200.0, 100.0
851, 300.0, -1900.0, 4000.0, 200.0, 200.0, 100.0
852, 300.0, -1700.0, 4000.0, 200.0, 200.0, 100.0
853, 300.0, -1500.0, 4000.0, 200.0, 200.0, 100.0
854, 300.0, -1300.0, 4000.0, 200.0, 200.0, 100.0
855, 300.0, -1100.0, 4000.0, 200.0, 200.0, 100.0
856, 300.0, -900.0, 4000.0, 200.0, 200.0, 100.0
857, 300.0, -700.0, 4000.0, 200.0, 200.0, 100.0
858, 300.0, -500.0, 4000.0, 200.0, 200.0, 100.0
859, 300.0, -300.0, 4000.0, 200.0, 200.0, 100.0
860, 300.0, -100.0, 4000.0, 200.0, 200.0, 100.0
861, 300.0, 100.0, 4000.0, 200.0, 200.0, 100.0
862, 300.0, 300.0, 4000.0, 200.0, 200.0, 100.0
863, 300.0, 500.0, 4000.0, 200.0, 200.0, 100.0
864, 300.0, 700.0, 4000.0, 200.0, 200.0, 100.0
865, 300.0, 900.0, 4000.0, 200.0, 200.0, 100.0
866, 300.0, 1100.0, 4000.0, 200.0, 200.0, 100.0
867, 300.0, 1300.0, 4000.0, 200.0, 200.0, 100.0
868, 300.0, 1500.0, 4000.0, 200.0, 200.0, 100.0
869, 300.0, 1700.0, 4000.0, 200.0, 200.0, 100.0
870, 300.0, 1900.0, 4000.0, 200.0, 200.0, 100.0
871, 300.0, 2100.0, 4000.0, 200.0, 200.0, 100.0
872, 300.0, 2300.0, 4000.0, 200.0, 200.0, 100.0
873, 300.0, 2500.0, 4000.0, 200.0, 200.0, 100.0
874, 300.0, 2700.0, 4000.0, 200.0, 200.0, 100.0
875, 300.0, 2900.0, 4000.0, 200.0, 200.0, 100.0
876, 300.0, 3100.0, 4000.0, 200.0, 200.0, 100.0
877, 300.0, 3300.0, 4000.0, 200.0, 200.0, 100.0
878, 300.0, 3500.0, 4000.0, 200.0, 200.0, 100.0
879, 300.0, 3700.0, 4000.0, 200.0, 200.0, 100.0
880, 300.0, 3900.0, 4000.0, 200.0, 200.0, 100.0
881, 500.0, -3900.0, 4000.0, 200.0, 200.0, 100.0
882, 500.0, -3700.0, 4000.0, 200.0, 200.0, 100.0
883, 500.0, -3500.0, 4000.0, 200.0, 200.0, 100.0
884, 500.0, -3300.0, 4000.0, 200.0, 200.0, 100.0
885, 500.0, -3100.0, 4000.0, 200.0, 200.0, 100.0
886, 500.0, -2900.0, 4000.0, 200.0, 200.0, 100.0
887, 500.0, -2700.0, 4000.0, 200.0, 200.0, 100.0
888, 500.0, -2500.0, 4000.0, 200.0, 200.0, 100.0
889, 500.0, -2300.0, 4000.0, 200.0, 200.0, 100.0
890, 500.0, -2100.0, 4000.0, 200.0, 200.0, 100.0
891, 500.0, -1900.0, 4000.0, 200.0, 200.0, 100.0
892, 500.0, -1700.0, 4000.0, 200.0, 200.0, 100.0
893, 500.0, -1500.0, 4000.0, 200.0, 200.0, 100.0
894, 500.0, -1300.0, 4000.0, 200.0, 200.0, 100.0
895, 500.0, -1100.0, 4000.0, 200.0, 200.0, 100.0
896, 500.0, -900.0, 4000.0, 200.0, 200.0, 100.0
897, 500.0, -700.0, 4000.0, 200.0, 200.0, 100.0
898, 500.0, -500.0, 4000.0, 200.0, 200.0, 100.0
899, 500.0, -300.0, 4000.0, 200.0, 200.0, 100.0
900, 500.0, -100.0, 4000.0, 200.0, 200.0, 100.0
901, 500.0, 100.0, 4000.0, 200.0, 200.0, 100.0
902, 500.0, 300.0, 4000.0, 200.0, 200.0, 100.0
903, 500.0, 500.0, 4000.0, 200.0, 200.0, 100.0
904, 500.0, 700.0, 4000.0, 200.0, 200.0, 100.0
905, 500.0, 900.0, 4000.0, 200.0, 200.0, 100.0
906, 500.0, 1100.0, 4000.0, 200.0, 200.0, 100.0
907, 500.0, 1300.0, 4000.0, 200.0, 200.0, 100.0
908, 500.0, 1500.0, 4000.0, 200.0, 200.0, 100.0
909, 500.0, 1700.0, 4000.0, 200.0, 200.0, 100.0
910, 500.0, 1900.0, 4000.0, 200.0, 200.0, 100.0
911, 500.0, 2100.0, 4000.0, 200.0, 200.0, 100.0
912, 500.0, 2300.0, 4000.0, 200.0, 200.0, 100.0
913, 500.0, 2500.0, 4000.0, 200.0, 200.0, 100.0
914, 500.0, 2700.0, 4000.0, 200.0, 200.0, 100.0
915, 500.0, 2900.0, 4000.0, 200.0, 200.0, 100.0
916, 500.0, 3100.0, 4000.0, 200.0, 200.0, 100.0
917, 500.0, 3300.0, 4000.0, 200.0, 200.0, 100.0
918, 500.0, 3500.0, 4000.0, 200.0, 200.0, 100.0
919, 500.0, 3700.0, 4000.0, 200.0, 200.0, 100.0
920, 500.0, 3900.0, 4000.0, 200.0, 200.0, 100.0
921, 700.0, -3900.0, 4000.0, 200.0, 200.0, 100.0
922, 700.0, -3700.0, 4000.0, 200.0, 200.0, 100.0
923, 700.0, -3500.0, 4000.0, 200.0, 200.0, 100.0
924, 700.0, -3300.0, 4000.0, 200.0, 200.0, 100.0
925, 700.0, -3100.0, 4000.0, 200.0, 200.0, 100.0
926, 700.0, -2900.0, 4000.0, 200.0, 200.0, 100.0
927, 700.0, -2700.0, 4000.0, 200.0, 200.0, 100.0
928, 700.0, -2500.0, 4000.0, 200.0, 200.0, 100.0
929, 700.0, -2300.0, 4000.0, 200.0, 200.0, 100.0
930, 700.0, -2100.0, 4000.0, 200.0, 200.0, 100.0
931, 700.0, -1900.0, 4000.0, 200.0, 200.0, 100.0
932, 700.0, -1700.0, 4000.0, 200.0, 200.0, 100.0
933, 700.0, -1500.0, 4000.0, 200.0, 200.0, 100.0
934, 700.0, -1300.0, 4000.0, 200.0, 200.0, 100.0
935, 700.0, -1100.0, 4000.0, 200.0, 200.0, 100.0
936, 700.0, -900.0, 4000.0, 200.0, 200.0, 100.0
937, 700.0, -700.0, 4000.0, 200.0, 200.0, 100.0
938, 700.0, -500.0, 4000.0, 200.0, 200.0, 100.0
939, 700.0, -300.0, 4000.0, 200.0, 200.0, 100.0
940, 700.0, -100.0, 4000.0, 200.0, 200.0, 100.0
941, 700.0, 100.0, 4000.0, 200.0, 200.0, 100.0
942, 700.0, 300.0, 4000.0, 200.0, 200.0, 100.0
943, 700.0, 500.0, 4000.0, 200.0, 200.0, 100.0
944, 700.0, 700.0, 4000.0, 200.0, 200.0, 100.0
945, 700.0, 900.0, 4000.0, 200.0, 200.0, 100.0
946, 700.0, 1100.0, 4000.0, 200.0, 200.0, 100.0
947, 700.0, 1300.0, 4000.0, 200.0, 200.0, 100.0
948, 700.0, 1500.0, 4000.0, 200.0, 200.0, 100.0
949, 700.0, 1700.0, 4000.0, 200.0, 200.0, 100.0
950, 700.0, 1900.0, 4000.0, 200.0, 200.0, 100.0
951, 700.0, 2100.0, 4000.0, 200.0, 200.0, 100.0
952, 700.0, 2300.0, 4000.0, 200.0, 200.0, 100.0
953, 700.0, 2500.0, 4000.0, 200.0, 200.0, 100.0
954, 700.0, 2700.0, 4000.0, 200.0, 200.0, 100.0
955, 700.0, 2900.0, 4000.0, 200.0, 200.0, 100.0
956, 700.0, 3100.0, 4000.0, 200.0, 200.0, 100.0
957, 700.0, 3300.0, 4000.0, 200.0, 200.0, 100.0
958, 700.0, 3500.0, 4000.0, 200.0, 200.0, 100.0
959, 700.0, 3700.0, 4000.0, 200.0, 200.0, 100.0
960, 700.0, 3900.0, 4000.0, 200.0, 200.0, 100.0
961, 900.0, -3900.0, 4000.0, 200.0, 200.0, 100.0
962, 900.0, -3700.0, 4000.0, 200.0, 200.0, 100.0
963, 900.0, -3500.0, 4000.0, 200.0, 200.0, 100.0
964, 900.0, -3300.0, 4000.0, 200.0, 200.0, 100.0
965, 900.0, -3100.0, 4000.0, 200.0, 200.0, 100.0
966, 900.0, -2900.0, 4000.0, 200.0, 200.0, 100.0
967, 900.0, -2700.0, 4000.0, 200.0, 200.0, 100.0
968, 900.0, -2500.0, 4000.0, 200.0, 200.0, 100.0
969, 900.0, -2300.0, 4000.0, 200.0, 200.0, 100.0
970, 900.0, -2100.0, 4000.0, 200.0, 200.0, 100.0
971, 900.0, -1900.0, 4000.0, 200.0, 200.0, 100.0
972, 900.0, -1700.0, 4000.0, 200.0, 200.0, 100.0
973, 900.0, -1500.0, 4000.0, 200.0, 200.0, 100.0
974, 900.0, -1300.0, 4000.0, 200.0, 200.0, 100.0
975, 900.0, -1100.0, 4000.0, 200.0, 200.0, 100.0
976, 900.0, -900.0, 4000.0, 200.0, 200.0, 100.0
977, 900.0, -700.0, 4000.0, 200.0, 200.0, 100.0
978, 900.0, -500.0, 4000.0, 200.0, 200.0, 100.0
979, 900.0, -300.0, 4000.0, 200.0, 200.0, 100.0
980, 900.0, -100.0, 4000.0, 200.0, 200.0, 100.0
981, 900.0, 100.0, 4000.0, 200.0, 200.0, 100.0
982, 900.0, 300.0, 4000.0, 200.0, 200.0, 100.0
983, 900.0, 500.0, 4000.0, 200.0, 200.0, 100.0
984, 900.0, 700.0, 4000.0, 200.0, 200.0, 100.0
985, 900.0, 900.0, 4000.0, 200.0, 200.0, 100.0
986, 900.0, 1100.0, 4000.0, 200.0, 200.0, 100.0
987, 900.0, 1300.0, 4000.0, 200.0, 200.0, 100.0
988, 900.0, 1500.0, 4000.0, 200.0, 200.0, 100.0
989, 900.0, 1700.0, 4000.0, 200.0, 200.0, 100.0
990, 900.0, 1900.0, 4000.0, 200.0, 200.0, 100.0
991, 900.0, 2100.0, 4000.0, 200.0, 200.0, 100.0
992, 900.0, 2300.0, 4000.0, 200.0, 200.0, 100.0
993, 900.0, 2500.0, 4000.0, 200.0, 200.0, 100.0
994, 900.0, 2700.0, 4000.0, 200.0, 200.0, 100.0
995, 900.0, 2900.0, 4000.0, 200.0, 200.0, 100.0
996, 900.0, 3100.0, 4000.0, 200.0, 200.0, 100.0
997, 900.0, 3300.0, 4000.0, 200.0, 200.0, 100.0
998, 900.0, 3500.0, 4000.0, 200.0, 200.0, 100.0
999, 900.0, 3700.0, 4000.0, 200.0, 200.0, 100.0
1000, 900.0, 3900.0, 4000.0, 200.0, 200.0, 100.0
1001, 1100.0, -3900.0, 4000.0, 200.0, 200.0, 100.0
1002, 1100.0, -3700.0, 4000.0, 200.0, 200.0, 100.0
1003, 1100.0, -3500.0, 4000.0, 200.0, 200.0, 100.0
1004, 1100.0, -3300.0, 4000.0, 200.0, 200.0, 100.0
1005, 1100.0, -3100.0, 4000.0, 200.0, 200.0, 100.0
1006, 1100.0, -2900.0, 4000.0, 200.0, 200.0, 100.0
1007, 1100.0, -2700.0, 4000.0, 200.0, 200.0, 100.0
1008, 1100.0, -2500.0, 4000.0, 200.0, 200.0, 100.0
1009, 1100.0, -2300.0, 4000.0, 200.0, 200.0, 100.0
1010, 1100.0, -2100.0, 4000.0, 200.0, 200.0, 100.0
1011, 1100.0, -1900.0, 4000.0, 200.0, 200.0, 100.0
1012, 1100.0, -1700.0, 4000.0, 200.0, 200.0, 100.0
1013, 1100.0, -1500.0, 4000.0, 200.0, 200.0, 100.0
1014, 1100.0, -1300.0, 4000.0, 200.0, 200.0, 100.0
1015, 1100.0, -1100.0, 4000.0, 200.0, 200.0, 100.0
1016, 1100.0, -900.0, 4000.0, 200.0, 200.0, 100.0
1017, 1100.0, -700.0, 4000.0, 200.0, 200.0, 100.0
1018, 1100.0, -500.0, 4000.0, 200.0, 200.0, 100.0
1019, 1100.0, -300.0, 4000.0, 200.0, 200.0, 100.0
1020, 1100.0, -100.0, 4000.0, 200.0, 200.0, 100.0
1021, 1100.0, 100.0, 4000.0, 200.0, 200.0, 100.0
1022, 1100.0, 300.0, 4000.0, 200.0, 200.0, 100.0
1023, 1100.0, 500.0, 4000.0, 200.0, 200.0, 100.0
1024, 1100.0, 700.0, 4000.0, 200.0, 200.0, 100.0
1025, 1100.0, 900.0, 4000.0, 200.0, 200.0, 100.0
1026, 1100.0, 1100.0, 4000.0, 200.0, 200.0, 100.0
1027, 1100.0, 1300.0, 4000.0, 200.0, 200.0, 100.0
1028, 1100.0, 1500.0, 4000.0, 200.0, 200.0, 100.0
1029, 1100.0, 1700.0, 4000.0, 200.0, 200.0, 100.0
1030, 1100.0, 1900.0, 4000.0, 200.0, 200.0, 100.0
1031, 1100.0, 2100.0, 4000.0, 200.0, 200.0, 100.0
1032, 1100.0, 2300.0, 4000.0, 200.0, 200.0, 100.0
1033, 1100.0, 2500.0, 4000.0, 200.0, 200.0, 100.0
1034, 1100.0, 2700.0, 4000.0, 200.0, 200.0, 100.0
1035, 1100.0, 2900.0, 4000.0, 200.0, 200.0, 100.0
1036, 1100.0, 3100.0, 4000.0, 200.0, 200.0, 100.0
1037, 1100.0, 3300.0, 4000.0, 200.0, 200.0, 100.0
1038, 1100.0, 3500.0, 4000.0, 200.0, 200.0, 100.0
1039, 1100.0, 3700.0, 4000.0, 200.0, 200.0, 100.0
1040, 1100.0, 3900.0, 4000.0, 200.0, 200.0, 100.0
1041, 1300.0, -3900.0, 4000.0, 200.0, 200.0, 100.0
1042, 1300.0, -3700.0, 4000.0, 200.0, 200.0, 100.0
1043, 1300.0, -3500.0, 4000.0, 200.0, 200.0, 100.0
1044, 1300.0, -3300.0, 4000.0, 200.0, 200.0, 100.0
1045, 1300.0, -3100.0, 4000.0, 200.0, 200.0, 100.0
1046, 1300.0, -2900.0, 4000.0, 200.0, 200.0, 100.0
1047, 1300.0, -2700.0, 4000.0, 200.0, 200.0, 100.0
1048, 1300.0, -2500.0, 4000.0, 200.0, 200.0, 100.0
1049, 1300.0, -2300.0, 4000.0, 200.0, 200.0, 100.0
1050, 1300.0, -2100.0, 4000.0, 200.0, 200.0, 100.0
1051, 1300.0, -1900.0, 4000.0, 200.0, 200.0, 100.0
1052, 1300.0, -1700.0, 4000.0, 200.0, 200.0, 100.0
1053, 1300.0, -1500.0, 4000.0, 200.0, 200.0, 100.0
1054, 1300.0, -1300.0, 4000.0, 200.0, 200.0, 100.0
1055, 1300.0, -1100.0, 4000.0, 200.0, 200.0, 100.0
1056, 1300.0, -900.0, 4000.0, 200.0, 200.0, 100.0
1057, 1300.0, -700.0, 4000.0, 200.0, 200.0, 100.0
1058, 1300.0, -500.0, 4000.0, 200.0, 200.0, 100.0
1059, 1300.0, -300.0, 4000.0, 200.0, 200.0, 100.0
1060, 1300.0, -100.0, 4000.0, 200.0, 200.0, 100.0
1061, 1300.0, 100.0, 4000.0, 200.0, 200.0, 100.0
1062, 1300.0, 300.0, 4000.0, 200.0, 200.0, 100.0
1063, 1300.0, 500.0, 4000.0, 200.0, 200.0, 100.0
1064, 1300.0, 700.0, 4000.0, 200.0, 200.0, 100.0
1065, 1300.0, 900.0, 4000.0, 200.0, 200.0, 100.0
1066, 1300.0, 1100.0, 4000.0, 200.0, 200.0, 100.0
1067, 1300.0, 1300.0, 4000.0, 200.0, 200.0, 100.0
1068, 1300.0, 1500.0, 4000.0, 200.0, 200.0, 100.0
1069, 1300.0, 1700.0, 4000.0, 200.0, 200.0, 100.0
1070, 1300.0, 1900.0, 4000.0, 200.0, 200.0, 100.0
1071, 1300.0, 2100.0, 4000.0, 200.0, 200.0, 100.0
1072, 1300.0, 2300.0, 4000.0, 200.0, 200.0, 100.0
1073, 1300.0, 2500.0, 4000.0, 200.0, 200.0, 100.0
1074, 1300.0, 2700.0, 4000.0, 200.0, 200.0, 100.0
1075, 1300.0, 2900.0, 4000.0, 200.0, 200.0, 100.0
1076, 1300.0, 3100.0, 4000.0, 200.0, 200.0, 100.0
1077, 1300.0, 3300.0, 4000.0, 200.0, 200.0, 100.0
1078, 1300.0, 3500.0, 4000.0, 200.0, 200.0, 100.0
1079, 1300.0, 3700.0, 4000.0, 200.0, 200.0, 100.0
1080, 1300.0, 3900.0, 4000.0, 200.0, 200.0, 100.0
1081, 1500.0, -3900.0, 4000.0, 200.0, 200.0, 100.0
1082, 1500.0, -3700.0, 4000.0, 200.0, 200.0, 100.0
1083, 1500.0, -3500.0, 4000.0, 200.0, 200.0, 100.0
1084, 1500.0, -3300.0, 4000.0, 200.0, 200.0, 100.0
1085, 1500.0, -3100.0, 4000.0, 200.0, 200.0, 100.0
1086, 1500.0, -2900.0, 4000.0, 200.0, 200.0, 100.0
1087, 1500.0, -2700.0, 4000.0, 200.0, 200.0, 100.0
1088, 1500.0, -2500.0, 4000.0, 200.0, 200.0, 100.0
1089, 1500.0, -2300.0, 4000.0, 200.0, 200.0, 100.0
1090, 1500.0, -2100.0, 4000.0, 200.0, 200.0, 100.0
1091, 1500.0, -1900.0, 4000.0, 200.0, 200.0, 100.0
1092, 1500.0, -1700.0, 4000.0, 200.0, 200.0, 100.0
1093, 1500.0, -1500.0, 4000.0, 200.0, 200.0, 100.0
1094, 1500.0, -1300.0, 4000.0, 200.0, 200.0, 100.0
1095, 1500.0, -1100.0, 4000.0, 200.0, 200.0, 100.0
1096, 1500.0, -900.0, 4000.0, 200.0, 200.0, 100.0
1097, 1500.0, -700.0, 4000.0, 200.0, 200.0, 100.0
1098, 1500.0, -500.0, 4000.0, 200.0, 200.0, 100.0
1099, 1500.0, -300.0, 4000.0, 200.0, 200.0, 100.0
1100, 1500.0, -100.0, 4000.0, 200.0, 200.0, 100.0
1101, 1500.0, 100.0, 4000.0, 200.0, 200.0, 100.0
1102, 1500.0, 300.0, 4000.0, 200.0, 200.0, 100.0
1103, 1500.0, 500.0, 4000.0, 200.0, 200.0, 100.0
1104, 1500.0, 700.0, 4000.0, 200.0, 200.0, 100.0
1105, 1500.0, 900.0, 4000.0, 200.0, 200.0, 100.0
1106, 1500.0, 1100.0, 4000.0, 200.0, 200.0, 100.0
1107, 1500.0, 1300.0, 4000.0, 200.0, 200.0, 100.0
1108, 1500.0, 1500.0, 4000.0, 200.0, 200.0, 100.0
1109, 1500.0, 1700.0, 4000.0, 200.0, 200.0, 100.0
1110, 1500.0, 1900.0, 4000.0, 200.0, 200.0, 100.0
1111, 1500.0, 2100.0, 4000.0, 200.0, 200.0, 100.0
1112, 1500.0, 2300.0, 4000.0, 200.0, 200.0, 100.0
1113, 1500.0, 2500.0, 4000.0, 200.0, 200.0, 100.0
1114, 1500.0, 2700.0, 4000.0, 200.0, 200.0, 100.0
1115, 1500.0, 2900.0, 4000.0, 200.0, 200.0, 100.0
1116, 1500.0, 3100.0, 4000.0, 200.0, 200.0, 100.0
1117, 1500.0, 3300.0, 4000.0, 200.0, 200.0, 100.0
1118, 1500.0, 3500.0, 4000.0, 200.0, 200.0, 100.0
1119, 1500.0, 3700.0, 4000.0, 200.0, 200.0, 100.0
1120, 1500.0, 3900.0, 4000.0, 200.0, 200.0, 100.0
1121, 1700.0, -3900.0, 4000.0, 200.0, 200.0, 100.0
1122, 1700.0, -3700.0, 4000.0, 200.0, 200.0, 100.0
1123, 1700.0, -3500.0, 4000.0, 200.0, 200.0, 100.0
1124, 1700.0, -3300.0, 4000.0, 200.0, 200.0, 100.0
1125, 1700.0, -3100.0, 4000.0, 200.0, 200.0, 100.0
1126, 1700.0, -2900.0, 4000.0, 200.0, 200.0, 100.0
1127, 1700.0, -2700.0, 4000.0, 200.0, 200.0, 100.0
1128, 1700.0, -2500.0, 4000.0, 200.0, 200.0, 100.0
1129, 1700.0, -2300.0, 4000.0, 200.0, 200.0, 100.0
1130, 1700.0, -2100.0, 4000.0, 200.0, 200.0, 100.0
1131, 1700.0, -1900.0, 4000.0, 200.0, 200.0, 100.0
1132, 1700.0, -1700.0, 4000.0, 200.0, 200.0, 100.0
1133, 1700.0, -1500.0, 4000.0, 200.0, 200.0, 100.0
1134, 1700.0, -1300.0, 4000.0, 200.0, 200.0, 100.0
1135, 1700.0, -1100.0, 4000.0, 200.0, 200.0, 100.0
1136, 1700.0, -900.0, 4000.0, 200.0, 200.0, 100.0
1137, 1700.0, -700.0, 4000.0, 200.0, 200.0, 100.0
1138, 1700.0, -500.0, 4000.0, 200.0, 200.0, 100.0
1139, 1700.0, -300.0, 4000.0, 200.0, 200.0, 100.0
1140, 1700.0, -100.0, 4000.0, 200.0, 200.0, 100.0
1141, 1700.0, 100.0, 4000.0, 200.0, 200.0, 100.0
1142, 1700.0, 300.0, 4000.0, 200.0, 200.0, 100.0
1143, 1700.0, 500.0, 4000.0, 200.0, 200.0, 100.0
1144, 1700.0, 700.0, 4000.0, 200.0, 200.0, 100.0
1145, 1700.0, 900.0, 4000.0, 200.0, 200.0, 100.0
1146, 1700.0, 1100.0, 4000.0, 200.0, 200.0, 100.0
1147, 1700.0, 1300.0, 4000.0, 200.0, 200.0, 100.0
1148, 1700.0, 1500.0, 4000.0, 200.0, 200.0, 100.0
1149, 1700.0, 1700.0, 4000.0, 200.0, 200.0, 100.0
1150, 1700.0, 1900.0, 4000.0, 200.0, 200.0, 100.0
1151, 1700.0, 2100.0, 4000.0, 200.0, 200.0, 100.0
1152, 1700.0, 2300.0, 4000.0, 200.0, 200.0, 100.0
1153, 1700.0, 2500.0, 4000.0, 200.0, 200.0, 100.0
1154, 1700.0, 2700.0, 4000.0, 200.0, 200.0, 100.0
1155, 1700.0, 2900.0, 4000.0, 200.0, 200.0, 100.0
1156, 1700.0, 3100.0, 4000.0, 200.0, 200.0, 100.0
1157, 1700.0, 3300.0, 4000.0, 200.0, 200.0, 100.0
1158, 1700.0, 3500.0, 4000.0, 200.0, 200.0, 100.0
1159, 1700.0, 3700.0, 4000.0, 200.0, 200.0, 100.0
1160, 1700.0, 3900.0, 4000.0, 200.0, 200.0, 100.0
1161, 1900.0, -3900.0, 4000.0, 200.0, 200.0, 100.0
1162, 1900.0, -3700.0, 4000.0, 200.0, 200.0, 100.0
1163, 1900.0, -3500.0, 4000.0, 200.0, 200.0, 100.0
1164, 1900.0, -3300.0, 4000.0, 200.0, 200.0, 100.0
1165, 1900.0, -3100.0, 4000.0, 200.0, 200.0, 100.0
1166, 1900.0, -2900.0, 4000.0, 200.0, 200.0, 100.0
1167, 1900.0, -2700.0, 4000.0, 200.0, 200.0, 100.0
1168, 1900.0, -2500.0, 4000.0, 200.0, 200.0, 100.0
1169, 1900.0, -2300.0, 4000.0, 200.0, 200.0, 100.0
1170, 1900.0, -2100.0, 4000.0, 200.0, 200.0, 100.0
1171, 1900.0, -1900.0, 4000.0, 200.0, 200.0, 100.0
1172, 1900.0, -1700.0, 4000.0, 200.0, 200.0, 100.0
1173, 1900.0, -1500.0, 4000.0, 200.0, 200.0, 100.0
1174, 1900.0, -1300.0, 4000.0, 200.0, 200.0, 100.0
1175, 1900.0, -1100.0, 4000.0, 200.0, 200.0, 100.0
1176, 1900.0, -900.0, 4000.0, 200.0, 200.0, 100.0
1177, 1900.0, -700.0, 4000.0, 200.0, 200.0, 100.0
1178, 1900.0, -500.0, 4000.0, 200.0, 200.0, 100.0
1179, 1900.0, -300.0, 4000.0, 200.0, 200.0, 100.0
1180, 1900.0, -100.0, 4000.0, 200.0, 200.0, 100.0
1181, 1900.0, 100.0, 4000.0, 200.0, 200.0, 100.0
1182, 1900.0, 300.0, 4000.0, 200.0, 200.0, 100.0
1183, 1900.0, 500.0, 4000.0, 200.0, 200.0, 100.0
1184, 1900.0, 700.0, 4000.0, 200.0, 200.0, 100.0
1185, 1900.0, 900.0, 4000.0, 200.0, 200.0, 100.0
1186, 1900.0, 1100.0, 4000.0, 200.0, 200.0, 100.0
1187, 1900.0, 1300.0, 4000.0, 200.0, 200.0, 100.0
1188, 1900.0, 1500.0, 4000.0, 200.0, 200.0, 100.0
1189, 1900.0, 1700.0, 4000.0, 200.0, 200.0, 100.0
1190, 1900.0, 1900.0, 4000.0, 200.0, 200.0, 100.0
1191, 1900.0, 2100.0, 4000.0, 200.0, 200.0, 100.0
1192, 1900.0, 2300.0, 4000.0, 200.0, 200.0, 100.0
1193, 1900.0, 2500.0, 4000.0, 200.0, 200.0, 100.0
1194, 1900.0, 2700.0, 4000.0, 200.0, 200.0, 100.0
1195, 1900.0, 2900.0, 4000.0, 200.0, 200.0, 100.0
1196, 1900.0, 3100.0, 4000.0, 200.0, 200.0, 100.0
1197, 1900.0, 3300.0, 4000.0, 200.0, 200.0, 100.0
1198, 1900.0, 3500.0, 4000.0, 200.0, 200.0, 100.0
1199, 1900.0, 3700.0, 4000.0, 200.0, 200.0, 100.0
1200, 1900.0, 3900.0, 4000.0, 200.0, 200.0, 100.0
1201, 2100.0, -3900.0, 4000.0, 200.0, 200.0, 100.0
1202, 2100.0, -3700.0, 4000.0, 200.0, 200.0, 100.0
1203, 2100.0, -3500.0, 4000.0, 200.0, 200.0, 100.0
1204, 2100.0, -3300.0, 4000.0, 200.0, 200.0, 100.0
1205, 2100.0, -3100.0, 4000.0, 200.0, 200.0, 100.0
1206, 2100.0, -2900.0, 4000.0, 200.0, 200.0, 100.0
1207, 2100.0, -2700.0, 4000.0, 200.0, 200.0, 100.0
1208, 2100.0, -2500.0, 4000.0, 200.0, 200.0, 100.0
1209, 2100.0, -2300.0, 4000.0, 200.0, 200.0, 100.0
1210, 2100.0, -2100.0, 4000.0, 200.0, 200.0, 100.0
1211, 2100.0, -1900.0, 4000.0, 200.0, 200.0, 100.0
1212, 2100.0, -1700.0, 4000.0, 200.0, 200.0, 100.0
1213, 2100.0, -1500.0, 4000.0, 200.0, 200.0, 100.0
1214, 2100.0, -1300.0, 4000.0, 200.0, 200.0, 100.0
1215, 2100.0, -1100.0, 4000.0, 200.0, 200.0, 100.0
1216, 2100.0, -900.0, 4000.0, 200.0, 200.0, 100.0
1217, 2100.0, -700.0, 4000.0, 200.0, 200.0, 100.0
1218, 2100.0, -500.0, 4000.0, 200.0, 200.0, 100.0
1219, 2100.0, -300.0, 4000.0, 200.0, 200.0, 100.0
1220, 2100.0, -100.0, 4000.0, 200.0, 200.0, 100.0
1221, 2100.0, 100.0, 4000.0, 200.0, 200.0, 100.0
1222, 2100.0, 300.0, 4000.0, 200.0, 200.0, 100.0
1223, 2100.0, 500.0, 4000.0, 200.0, 200.0, 100.0
1224, 2100.0, 700.0, 4000.0, 200.0, 200.0, 100.0
1225, 2100.0, 900.0, 4000.0, 200.0, 200.0, 100.0
1226, 2100.0, 1100.0, 4000.0, 200.0, 200.0, 100.0
1227, 2100.0, 1300.0, 4000.0, 200.0, 200.0, 100.0
1228, 2100.0, 1500.0, 4000.0, 200.0, 200.0, 100.0
1229, 2100.0, 1700.0, 4000.0, 200.0, 200.0, 100.0
1230, 2100.0, 1900.0, 4000.0, 200.0, 200.0, 100.0
1231, 2100.0, 2100.0, 4000.0, 200.0, 200.0, 100.0
1232, 2100.0, 2300.0, 4000.0, 200.0, 200.0, 100.0
1233, 2100.0, 2500.0, 4000.0, 200.0, 200.0, 100.0
1234, 2100.0, 2700.0, 4000.0, 200.0, 200.0, 100.0
1235, 2100.0, 2900.0, 4000.0, 200.0, 200.0, 100.0
1236, 2100.0, 3100.0, 4000.0, 200.0, 200.0, 100.0
1237, 2100.0, 3300.0, 4000.0, 200.0, 200.0, 100.0
1238, 2100.0, 3500.0, 4000.0, 200.0, 200.0, 100.0
1239, 2100.0, 3700.0, 4000.0, 200.0, 200.0, 100.0
1240, 2100.0, 3900.0, 4000.0, 200.0, 200.0, 100.0
1241, 2300.0, -3900.0, 4000.0, 200.0, 200.0, 100.0
1242, 2300.0, -3700.0, 4000.0, 200.0, 200.0, 100.0
1243, 2300.0, -3500.0, 4000.0, 200.0, 200.0, 100.0
1244, 2300.0, -3300.0, 4000.0, 200.0, 200.0, 100.0
1245, 2300.0, -3100.0, 4000.0, 200.0, 200.0, 100.0
1246, 2300.0, -2900.0, 4000.0, 200.0, 200.0, 100.0
1247, 2300.0, -2700.0, 4000.0, 200.0, 200.0, 100.0
1248, 2300.0, -2500.0, 4000.0, 200.0, 200.0, 100.0
1249, 2300.0, -2300.0, 4000.0, 200.0, 200.0, 100.0
1250, 2300.0, -2100.0, 4000.0, 200.0, 200.0, 100.0
1251, 2300.0, -1900.0, 4000.0, 200.0, 200.0, 100.0
1252, 2300.0, -1700.0, 4000.0, 200.0, 200.0, 100.0
1253, 2300.0, -1500.0, 4000.0, 200.0, 200.0, 100.0
1254, 2300.0, -1300.0, 4000.0, 200.0, 200.0, 100.0
1255, 2300.0, -1100.0, 4000.0, 200.0, 200.0, 100.0
1256, 2300.0, -900.0, 4000.0, 200.0, 200.0, 100.0
1257, 2300.0, -700.0, 4000.0, 200.0, 200.0, 100.0
1258, 2300.0, -500.0, 4000.0, 200.0, 200.0, 100.0
1259, 2300.0, -300.0, 4000.0, 200.0, 200.0, 100.0
1260, 2300.0, -100.0, 4000.0, 200.0, 200.0, 100.0
1261, 2300.0, 100.0, 4000.0, 200.0, 200.0, 100.0
1262, 2300.0, 300.0, 4000.0, 200.0, 200.0, 100.0
1263, 2300.0, 500.0, 4000.0, 200.0, 200.0, 100.0
1264, 2300.0, 700.0, 4000.0, 200.0, 200.0, 100.0
1265, 2300.0, 900.0, 4000.0, 200.0, 200.0, 100.0
1266, 2300.0, 1100.0, 4000.0, 200.0, 200.0, 100.0
1267, 2300.0, 1300.0, 4000.0, 200.0, 200.0, 100.0
1268, 2300.0, 1500.0, 4000.0, 200.0, 200.0, 100.0
1269, 2300.0, 1700.0, 4000.0, 200.0, 200.0, 100.0
1270, 2300.0, 1900.0, 4000.0, 200.0, 200.0, 100.0
1271, 2300.0, 2100.0, 4000.0, 200.0, 200.0, 100.0
1272, 2300.0, 2300.0, 4000.0, 200.0, 200.0, 100.0
1273, 2300.0, 2500.0, 4000.0, 200.0, 200.0, 100.0
1274, 2300.0, 2700.0, 4000.0, 200.0, 200.0, 100.0
1275, 2300.0, 2900.0, 4000.0, 200.0, 200.0, 100.0
1276, 2300.0, 3100.0, 4000.0, 200.0, 200.0, 100.0
1277, 2300.0, 3300.0, 4000.0, 200.0, 200.0, 100.0
1278, 2300.0, 3500.0, 4000.0, 200.0, 200.0, 100.0
1279, 2300.0, 3700.0, 4000.0, 200.0, 200.0, 100.0
1280, 2300.0, 3900.0, 4000.0, 200.0, 200.0, 100.0
1281, 2500.0, -3900.0, 4000.0, 200.0, 200.0, 100.0
1282, 2500.0, -3700.0, 4000.0, 200.0, 200.0, 100.0
1283, 2500.0, -3500.0, 4000.0, 200.0, 200.0, 100.0
1284, 2500.0, -3300.0, 4000.0, 200.0, 200.0, 100.0
1285, 2500.0, -3100.0, 4000.0, 200.0, 200.0, 100.0
1286, 2500.0, -2900.0, 4000.0, 200.0, 200.0, 100.0
1287, 2500.0, -2700.0, 4000.0, 200.0, 200.0, 100.0
1288, 2500.0, -2500.0, 4000.0, 200.0, 200.0, 100.0
1289, 2500.0, -2300.0, 4000.0, 200.0, 200.0, 100.0
1290, 2500.0, -2100.0, 4000.0, 200.0, 200.0, 100.0
1291, 2500.0, -1900.0, 4000.0, 200.0, 200.0, 100.0
1292, 2500.0, -1700.0, 4000.0, 200.0, 200.0, 100.0
1293, 2500.0, -1500.0, 4000.0, 200.0, 200.0, 100.0
1294, 2500.0, -1300.0, 4000.0, 200.0, 200.0, 100.0
1295, 2500.0, -1100.0, 4000.0, 200.0, 200.0, 100.0
1296, 2500.0, -900.0, 4000.0, 200.0, 200.0, 100.0
1297, 2500.0, -700.0, 4000.0, 200.0, 200.0, 100.0
1298, 2500.0, -500.0, 4000.0, 200.0, 200.0, 100.0
1299, 2500.0, -300.0, 4000.0, 200.0, 200.0, 100.0
1300, 2500.0, -100.0, 4000.0, 200.0, 200.0, 100.0
1301, 2500.0, 100.0, 4000.0, 200.0, 200.0, 100.0
1302, 2500.0, 300.0, 4000.0, 200.0, 200.0, 100.0
1303, 2500.0, 500.0, 4000.0, 200.0, 200.0, 100.0
1304, 2500.0, 700.0, 4000.0, 200.0, 200.0, 100.0
1305, 2500.0, 900.0, 4000.0, 200.0, 200.0, 100.0
1306, 2500.0, 1100.0, 4000.0, 200.0, 200.0, 100.0
1307, 2500.0, 1300.0, 4000.0, 200.0, 200.0, 100.0
1308, 2500.0, 1500.0, 4000.0, 200.0, 200.0, 100.0
1309, 2500.0, 1700.0, 4000.0, 200.0, 200.0, 100.0
1310, 2500.0, 1900.0, 4000.0, 200.0, 200.0, 100.0
1311, 2500.0, 2100.0, 4000.0, 200.0, 200.0, 100.0
1312, 2500.0, 2300.0, 4000.0, 200.0, 200.0, 100.0
1313, 2500.0, 2500.0, 4000.0, 200.0, 200.0, 100.0
1314, 2500.0, 2700.0, 4000.0, 200.0, 200.0, 100.0
1315, 2500.0, 2900.0, 4000.0, 200.0, 200.0, 100.0
1316, 2500.0, 3100.0, 4000.0, 200.0, 200.0, 100.0
1317, 2500.0, 3300.0, 4000.0, 200.0, 200.0, 100.0
1318, 2500.0, 3500.0, 4000.0, 200.0, 200.0, 100.0
1319, 2500.0, 3700.0, 4000.0, 200.0, 200.0, 100.0
1320, 2500.0, 3900.0, 4000.0, 200.0, 200.0, 100.0
1321, 2700.0, -3900.0, 4000.0, 200.0, 200.0, 100.0
1322, 2700.0, -3700.0, 4000.0, 200.0, 200.0, 100.0
1323, 2700.0, -3500.0, 4000.0, 200.0, 200.0, 100.0
1324, 2700.0, -3300.0, 4000.0, 200.0, 200.0, 100.0
1325, 2700.0, -3100.0, 4000.0, 200.0, 200.0, 100.0
1326, 2700.0, -2900.0, 4000.0, 200.0, 200.0, 100.0
1327, 2700.0, -2700.0, 4000.0, 200.0, 200.0, 100.0
1328, 2700.0, -2500.0, 4000.0, 200.0, 200.0, 100.0
1329, 2700.0, -2300.0, 4000.0, 200.0, 200.0, 100.0
1330, 2700.0, -2100.0, 4000.0, 200.0, 200.0, 100.0
1331, 2700.0, -1900.0, 4000.0, 200.0, 200.0, 100.0
1332, 2700.0, -1700.0, 4000.0, 200.0, 200.0, 100.0
1333, 2700.0, -1500.0, 4000.0, 200.0, 200.0, 100.0
1334, 2700.0, -1300.0, 4000.0, 200.0, 200.0, 100.0
1335, 2700.0, -1100.0, 4000.0, 200.0, 200.0, 100.0
1336, 2700.0, -900.0, 4000.0, 200.0, 200.0, 100.0
1337, 2700.0, -700.0, 4000.0, 200.0, 200.0, 100.0
1338, 2700.0, -500.0, 4000.0, 200.0, 200.0, 100.0
1339, 2700.0, -300.0, 4000.0, 200.0, 200.0, 100.0
1340, 2700.0, -100.0, 4000.0, 200.0, 200.0, 100.0
1341, 2700.0, 100.0, 4000.0, 200.0, 200.0, 100.0
1342, 2700.0, 300.0, 4000.0, 200.0, 200.0, 100.0
1343, 2700.0, 500.0, 4000.0, 200.0, 200.0, 100.0
1344, 2700.0, 700.0, 4000.0, 200.0, 200.0, 100.0
1345, 2700.0, 900.0, 4000.0, 200.0, 200.0, 100.0
1346, 2700.0, 1100.0, 4000.0, 200.0, 200.0, 100.0
1347, 2700.0, 1300.0, 4000.0, 200.0, 200.0, 100.0
1348, 2700.0, 1500.0, 4000.0, 200.0, 200.0, 100.0
1349, 2700.0, 1700.0, 4000.0, 200.0, 200.0, 100.0
1350, 2700.0, 1900.0, 4000.0, 200.0, 200.0, 100.0
1351, 2700.0, 2100.0, 4000.0, 200.0, 200.0, 100.0
1352, 2700.0, 2300.0, 4000.0, 200.0, 200.0, 100.0
1353, 2700.0, 2500.0, 4000.0, 200.0, 200.0, 100.0
1354, 2700.0, 2700.0, 4000.0, 200.0, 200.0, 100.0
1355, 2700.0, 2900.0, 4000.0, 200.0, 200.0, 100.0
1356, 2700.0, 3100.0, 4000.0, 200.0, 200.0, 100.0
1357, 2700.0, 3300.0, 4000.0, 200.0, 200.0, 100.0
1358, 2700.0, 3500.0, 4000.0, 200.0, 200.0, 100.0
1359, 2700.0, 3700.0, 4000.0, 200.0, 200.0, 100.0
1360, 2700.0, 3900.0, 4000.0, 200.0, 200.0, 100.0
1361, 2900.0, -3900.0, 4000.0, 200.0, 200.0, 100.0
1362, 2900.0, -3700.0, 4000.0, 200.0, 200.0, 100.0
1363, 2900.0, -3500.0, 4000.0, 200.0, 200.0, 100.0
1364, 2900.0, -3300.0, 4000.0, 200.0, 200.0, 100.0
1365, 2900.0, -3100.0, 4000.0, 200.0, 200.0, 100.0
1366, 2900.0, -2900.0, 4000.0, 200.0, 200.0, 100.0
1367, 2900.0, -2700.0, 4000.0, 200.0, 200.0, 100.0
1368, 2900.0, -2500.0, 4000.0, 200.0, 200.0, 100.0
1369, 2900.0, -2300.0, 4000.0, 200.0, 200.0, 100.0
1370, 2900.0, -2100.0, 4000.0, 200.0, 200.0, 100.0
1371, 2900.0, -1900.0, 4000.0, 200.0, 200.0, 100.0
1372, 2900.0, -1700.0, 4000.0, 200.0, 200.0, 100.0
1373, 2900.0, -1500.0, 4000.0, 200.0, 200.0, 100.0
1374, 2900.0, -1300.0, 4000.0, 200.0, 200.0, 100.0
1375, 2900.0, -1100.0, 4000.0, 200.0, 200.0, 100.0
1376, 2900.0, -900.0, 4000.0, 200.0, 200.0, 100.0
1377, 2900.0, -700.0, 4000.0, 200.0, 200.0, 100.0
1378, 2900.0, -500.0, 4000.0, 200.0, 200.0, 100.0
1379, 2900.0, -300.0, 4000.0, 200.0, 200.0, 100.0
1380, 2900.0, -100.0, 4000.0, 200.0, 200.0, 100.0
1381, 2900.0, 100.0, 4000.0, 200.0, 200.0, 100.0
1382, 2900.0, 300.0, 4000.0, 200.0, 200.0, 100.0
1383, 2900.0, 500.0, 4000.0, 200.0, 200.0, 100.0
1384, 2900.0, 700.0, 4000.0, 200.0, 200.0, 100.0
1385, 2900.0, 900.0, 4000.0, 200.0, 200.0, 100.0
1386, 2900.0, 1100.0, 4000.0, 200.0, 200.0, 100.0
1387, 2900.0, 1300.0, 4000.0, 200.0, 200.0, 100.0
1388, 2900.0, 1500.0, 4000.0, 200.0, 200.0, 100.0
1389, 2900.0, 1700.0, 4000.0, 200.0, 200.0, 100.0
1390, 2900.0, 1900.0, 4000.0, 200.0, 200.0, 100.0
1391, 2900.0, 2100.0, 4000.0, 200.0, 200.0, 100.0
1392, 2900.0, 2300.0, 4000.0, 200.0, 200.0, 100.0
1393, 2900.0, 2500.0, 4000.0, 200.0, 200.0, 100.0
1394, 2900.0, 2700.0, 4000.0, 200.0, 200.0, 100.0
1395, 2900.0, 2900.0, 4000.0, 200.0, 200.0, 100.0
1396, 2900.0, 3100.0, 4000.0, 200.0, 200.0, 100.0
1397, 2900.0, 3300.0, 4000.0, 200.0, 200.0, 100.0
1398, 2900.0, 3500.0, 4000.0, 200.0, 200.0, 100.0
1399, 2900.0, 3700.0, 4000.0, 200.0, 200.0, 100.0
1400, 2900.0, 3900.0, 4000.0, 200.0, 200.0, 100.0
1401, 3100.0, -3900.0, 4000.0, 200.0, 200.0, 100.0
1402, 3100.0, -3700.0, 4000.0, 200.0, 200.0, 100.0
1403, 3100.0, -3500.0, 4000.0, 200.0, 200.0, 100.0
1404, 3100.0, -3300.0, 4000.0, 200.0, 200.0, 100.0
1405, 3100.0, -3100.0, 4000.0, 200.0, 200.0, 100.0
1406, 3100.0, -2900.0, 4000.0, 200.0, 200.0, 100.0
1407, 3100.0, -2700.0, 4000.0, 200.0, 200.0, 100.0
1408, 3100.0, -2500.0, 4000.0, 200.0, 200.0, 100.0
1409, 3100.0, -2300.0, 4000.0, 200.0, 200.0, 100.0
1410, 3100.0, -2100.0, 4000.0, 200.0, 200.0, 100.0
1411, 3100.0, -1900.0, 4000.0, 200.0, 200.0, 100.0
1412, 3100.0, -1700.0, 4000.0, 200.0, 200.0, 100.0
1413, 3100.0, -1500.0, 4000.0, 200.0, 200.0, 100.0
1414, 3100.0, -1300.0, 4000.0, 200.0, 200.0, 100.0
1415, 3100.0, -1100.0, 4000.0, 200.0, 200.0, 100.0
1416, 3100.0, -900.0, 4000.0, 200.0, 200.0, 100.0
1417, 3100.0, -700.0, 4000.0, 200.0, 200.0, 100.0
1418, 3100.0, -500.0, 4000.0, 200.0, 200.0, 100.0
1419, 3100.0, -300.0, 4000.0, 200.0, 200.0, 100.0
1420, 3100.0, -100.0, 4000.0, 200.0, 200.0, 100.0
1421, 3100.0, 100.0, 4000.0, 200.0, 200.0, 100.0
1422, 3100.0, 300.0, 4000.0, 200.0, 200.0, 100.0
1423, 3100.0, 500.0, 4000.0, 200.0, 200.0, 100.0
1424, 3100.0, 700.0, 4000.0, 200.0, 200.0, 100.0
1425, 3100.0, 900.0, 4000.0, 200.0, 200.0, 100.0
1426, 3100.0, 1100.0, 4000.0, 200.0, 200.0, 100.0
1427, 3100.0, 1300.0, 4000.0, 200.0, 200.0, 100.0
1428, 3100.0, 1500.0, 4000.0, 200.0, 200.0, 100.0
1429, 3100.0, 1700.0, 4000.0, 200.0, 200.0, 100.0
1430, 3100.0, 1900.0, 4000.0, 200.0, 200.0, 100.0
1431, 3100.0, 2100.0, 4000.0, 200.0, 200.0, 100.0
1432, 3100.0, 2300.0, 4000.0, 200.0, 200.0, 100.0
1433, 3100.0, 2500.0, 4000.0, 200.0, 200.0, 100.0
1434, 3100.0, 2700.0, 4000.0, 200.0, 200.0, 100.0
1435, 3100.0, 2900.0, 4000.0, 200.0, 200.0, 100.0
1436, 3100.0, 3100.0, 4000.0, 200.0, 200.0, 100.0
1437, 3100.0, 3300.0, 4000.0, 200.0, 200.0, 100.0
1438, 3100.0, 3500.0, 4000.0, 200.0, 200.0, 100.0
1439, 3100.0, 3700.0, 4000.0, 200.0, 200.0, 100.0
1440, 3100.0, 3900.0, 4000.0, 200.0, 200.0, 100.0
1441, 3300.0, -3900.0, 4000.0, 200.0, 200.0, 100.0
1442, 3300.0, -3700.0, 4000.0, 200.0, 200.0, 100.0
1443, 3300.0, -3500.0, 4000.0, 200.0, 200.0, 100.0
1444, 3300.0, -3300.0, 4000.0, 200.0, 200.0, 100.0
1445, 3300.0, -3100.0, 4000.0, 200.0, 200.0, 100.0
1446, 3300.0, -2900.0, 4000.0, 200.0, 200.0, 100.0
1447, 3300.0, -2700.0, 4000.0, 200.0, 200.0, 100.0
1448, 3300.0, -2500.0, 4000.0, 200.0, 200.0, 100.0
1449, 3300.0, -2300.0, 4000.0, 200.0, 200.0, 100.0
1450, 3300.0, -2100.0, 4000.0, 200.0, 200.0, 100.0
1451, 3300.0, -1900.0, 4000.0, 200.0, 200.0, 100.0
1452, 3300.0, -1700.0, 4000.0, 200.0, 200.0, 100.0
1453, 3300.0, -1500.0, 4000.0, 200.0, 200.0, 100.0
1454, 3300.0, -1300.0, 4000.0, 200.0, 200.0, 100.0
1455, 3300.0, -1100.0, 4000.0, 200.0, 200.0, 100.0
1456, 3300.0, -900.0, 4000.0, 200.0, 200.0, 100.0
1457, 3300.0, -700.0, 4000.0, 200.0, 200.0, 100.0
1458, 3300.0, -500.0, 4000.0, 200.0, 200.0, 100.0
1459, 3300.0, -300.0, 4000.0, 200.0, 200.0, 100.0
1460, 3300.0, -100.0, 4000.0, 200.0, 200.0, 100.0
1461, 3300.0, 100.0, 4000.0, 200.0, 200.0, 100.0
1462, 3300.0, 300.0, 4000.0, 200.0, 200.0, 100.0
1463, 3300.0, 500.0, 4000.0, 200.0, 200.0, 100.0
1464, 3300.0, 700.0, 4000.0, 200.0, 200.0, 100.0
1465, 3300.0, 900.0, 4000.0, 200.0, 200.0, 100.0
1466, 3300.0, 1100.0, 4000.0, 200.0, 200.0, 100.0
1467, 3300.0, 1300.0, 4000.0, 200.0, 200.0, 100.0
1468, 3300.0, 1500.0, 4000.0, 200.0, 200.0, 100.0
1469, 3300.0, 1700.0, 4000.0, 200.0, 200.0, 100.0
1470, 3300.0, 1900.0, 4000.0, 200.0, 200.0, 100.0
1471, 3300.0, 2100.0, 4000.0, 200.0, 200.0, 100.0
1472, 3300.0, 2300.0, 4000.0, 200.0, 200.0, 100.0
1473, 3300.0, 2500.0, 4000.0, 200.0, 200.0, 100.0
1474, 3300.0, 2700.0, 4000.0, 200.0, 200.0, 100.0
1475, 3300.0, 2900.0, 4000.0, 200.0, 200.0, 100.0
1476, 3300.0, 3100.0, 4000.0, 200.0, 200.0, 100.0
1477, 3300.0, 3300.0, 4000.0, 200.0, 200.0, 100.0
1478, 3300.0, 3500.0, 4000.0, 200.0, 200.0, 100.0
1479, 3300.0, 3700.0, 4000.0, 200.0, 200.0, 100.0
1480, 3300.0, 3900.0, 4000.0, 200.0, 200.0, 100.0
1481, 3500.0, -3900.0, 4000.0, 200.0, 200.0, 100.0
1482, 3500.0, -3700.0, 4000.0, 200.0, 200.0, 100.0
1483, 3500.0, -3500.0, 4000.0, 200.0, 200.0, 100.0
1484, 3500.0, -3300.0, 4000.0, 200.0, 200.0, 100.0
1485, 3500.0, -3100.0, 4000.0, 200.0, 200.0, 100.0
1486, 3500.0, -2900.0, 4000.0, 200.0, 200.0, 100.0
1487, 3500.0, -2700.0, 4000.0, 200.0, 200.0, 100.0
1488, 3500.0, -2500.0, 4000.0, 200.0, 200.0, 100.0
1489, 3500.0, -2300.0, 4000.0, 200.0, 200.0, 100.0
1490, 3500.0, -2100.0, 4000.0, 200.0, 200.0, 100.0
1491, 3500.0, -1900.0, 4000.0, 200.0, 200.0, 100.0
1492, 3500.0, -1700.0, 4000.0, 200.0, 200.0, 100.0
1493, 3500.0, -1500.0, 4000.0, 200.0, 200.0, 100.0
1494, 3500.0, -1300.0, 4000.0, 200.0, 200.0, 100.0
1495, 3500.0, -1100.0, 4000.0, 200.0, 200.0, 100.0
1496, 3500.0, -900.0, 4000.0, 200.0, 200.0, 100.0
1497, 3500.0, -700.0, 4000.0, 200.0, 200.0, 100.0
1498, 3500.0, -500.0, 4000.0, 200.0, 200.0, 100.0
1499, 3500.0, -300.0, 4000.0, 200.0, 200.0, 100.0
1500, 3500.0, -100.0, 4000.0, 200.0, 200.0, 100.0
1501, 3500.0, 100.0, 4000.0, 200.0, 200.0, 100.0
1502, 3500.0, 300.0, 4000.0, 200.0, 200.0, 100.0
1503, 3500.0, 500.0, 4000.0, 200.0, 200.0, 100.0
1504, 3500.0, 700.0, 4000.0, 200.0, 200.0, 100.0
1505, 3500.0, 900.0, 4000.0, 200.0, 200.0, 100.0
1506, 3500.0, 1100.0, 4000.0, 200.0, 200.0, 100.0
1507, 3500.0, 1300.0, 4000.0, 200.0, 200.0, 100.0
1508, 3500.0, 1500.0, 4000.0, 200.0, 200.0, 100.0
1509, 3500.0, 1700.0, 4000.0, 200.0, 200.0, 100.0
1510, 3500.0, 1900.0, 4000.0, 200.0, 200.0, 100.0
1511, 3500.0, 2100.0, 4000.0, 200.0, 200.0, 100.0
1512, 3500.0, 2300.0, 4000.0, 200.0, 200.0, 100.0
1513, 3500.0, 2500.0, 4000.0, 200.0, 200.0, 100.0
1514, 3500.0, 2700.0, 4000.0, 200.0, 200.0, 100.0
1515, 3500.0, 2900.0, 4000.0, 200.0, 200.0, 100.0
1516, 3500.0, 3100.0, 4000.0, 200.0, 200.0, 100.0
1517, 3500.0, 3300.0, 4000.0, 200.0, 200.0, 100.0
1518, 3500.0, 3500.0, 4000.0, 200.0, 200.0, 100.0
1519, 3500.0, 3700.0, 4000.0, 200.0, 200.0, 100.0
1520, 3500.0, 3900.0, 4000.0, 200.0, 200.0, 100.0
1521, 3700.0, -3900.0, 4000.0, 200.0, 200.0, 100.0
1522, 3700.0, -3700.0, 4000.0, 200.0, 200.0, 100.0
1523, 3700.0, -3500.0, 4000.0, 200.0, 200.0, 100.0
1524, 3700.0, -3300.0, 4000.0, 200.0, 200.0, 100.0
1525, 3700.0, -3100.0, 4000.0, 200.0, 200.0, 100.0
1526, 3700.0, -2900.0, 4000.0, 200.0, 200.0, 100.0
1527, 3700.0, -2700.0, 4000.0, 200.0, 200.0, 100.0
1528, 3700.0, -2500.0, 4000.0, 200.0, 200.0, 100.0
1529, 3700.0, -2300.0, 4000.0, 200.0, 200.0, 100.0
1530, 3700.0, -2100.0, 4000.0, 200.0, 200.0, 100.0
1531, 3700.0, -1900.0, 4000.0, 200.0, 200.0, 100.0
1532, 3700.0, -1700.0, 4000.0, 200.0, 200.0, 100.0
1533, 3700.0, -1500.0, 4000.0, 200.0, 200.0, 100.0
1534, 3700.0, -1300.0, 4000.0, 200.0, 200.0, 100.0
1535, 3700.0, -1100.0, 4000.0, 200.0, 200.0, 100.0
1536, 3700.0, -900.0, 4000.0, 200.0, 200.0, 100.0
1537, 3700.0, -700.0, 4000.0, 200.0, 200.0, 100.0
1538, 3700.0, -500.0, 4000.0, 200.0, 200.0, 100.0
1539, 3700.0, -300.0, 4000.0, 200.0, 200.0, 100.0
1540, 3700.0, -100.0, 4000.0, 200.0, 200.0, 100.0
1541, 3700.0, 100.0, 4000.0, 200.0, 200.0, 100.0
1542, 3700.0, 300.0, 4000.0, 200.0, 200.0, 100.0
1543, 3700.0, 500.0, 4000.0, 200.0, 200.0, 100.0
1544, 3700.0, 700.0, 4000.0, 200.0, 200.0, 100.0
1545, 3700.0, 900.0, 4000.0, 200.0, 200.0, 100.0
1546, 3700.0, 1100.0, 4000.0, 200.0, 200.0, 100.0
1547, 3700.0, 1300.0, 4000.0, 200.0, 200.0, 100.0
1548, 3700.0, 1500.0, 4000.0, 200.0, 200.0, 100.0
1549, 3700.0, 1700.0, 4000.0, 200.0, 200.0, 100.0
1550, 3700.0, 1900.0, 4000.0, 200.0, 200.0, 100.0
1551, 3700.0, 2100.0, 4000.0, 200.0, 200.0, 100.0
1552, 3700.0, 2300.0, 4000.0, 200.0, 200.0, 100.0
1553, 3700.0, 2500.0, 4000.0, 200.0, 200.0, 100.0
1554, 3700.0, 2700.0, 4000.0, 200.0, 200.0, 100.0
1555, 3700.0, 2900.0, 4000.0, 200.0, 200.0, 100.0
1556, 3700.0, 3100.0, 4000.0, 200.0, 200.0, 100.0
1557, 3700.0, 3300.0, 4000.0, 200.0, 200.0, 100.0
1558, 3700.0, 3500.0, 4000.0, 200.0, 200.0, 100.0
1559, 3700.0, 3700.0, 4000.0, 200.0, 200.0, 100.0
1560, 3700.0, 3900.0, 4000.0, 200.0, 200.0, 100.0
1561, 3900.0, -3900.0, 4000.0, 200.0, 200.0, 100.0
1562, 3900.0, -3700.0, 4000.0, 200.0, 200.0, 100.0
1563, 3900.0, -3500.0, 4000.0, 200.0, 200.0, 100.0
1564, 3900.0, -3300.0, 4000.0, 200.0, 200.0, 100.0
1565, 3900.0, -3100.0, 4000.0, 200.0, 200.0, 100.0
1566, 3900.0, -2900.0, 4000.0, 200.0, 200.0, 100.0
1567, 3900.0, -2700.0, 4000.0, 200.0, 200.0, 100.0
1568, 3900.0, -2500.0, 4000.0, 200.0, 200.0, 100.0
1569, 3900.0, -2300.0, 4000.0, 200.0, 200.0, 100.0
1570, 3900.0, -2100.0, 4000.0, 200.0, 200.0, 100.0
1571, 3900.0, -1900.0, 4000.0, 200.0, 200.0, 100.0
1572, 3900.0, -1700.0, 4000.0, 200.0, 200.0, 100.0
1573, 3900.0, -1500.0, 4000.0, 200.0, 200.0, 100.0
1574, 3900.0, -1300.0, 4000.0, 200.0, 200.0, 100.0
1575, 3900.0, -1100.0, 4000.0, 200.0, 200.0, 100.0
1576, 3900.0, -900.0, 4000.0, 200.0, 200.0, 100.0
1577, 3900.0, -700.0, 4000.0, 200.0, 200.0, 100.0
1578, 3900.0, -500.0, 4000.0, 200.0, 200.0, 100.0
1579, 3900.0, -300.0, 4000.0, 200.0, 200.0, 100.0
1580, 3900.0, -100.0, 4000.0, 200.0, 200.0, 100.0
1581, 3900.0, 100.0, 4000.0, 200.0, 200.0, 100.0
1582, 3900.0, 300.0, 4000.0, 200.0, 200.0, 100.0
1583, 3900.0, 500.0, 4000.0, 200.0, 200.0, 100.0
1584, 3900.0, 700.0, 4000.0, 200.0, 200.0, 100.0
1585, 3900.0, 900.0, 4000.0, 200.0, 200.0, 100.0
1586, 3900.0, 1100.0, 4000.0, 200.0, 200.0, 100.0
1587, 3900.0, 1300.0, 4000.0, 200.0, 200.0, 100.0
1588, 3900.0, 1500.0, 4000.0, 200.0, 200.0, 100.0
1589, 3900.0, 1700.0, 4000.0, 200.0, 200.0, 100.0
1590, 3900.0, 1900.0, 4000.0, 200.0, 200.0, 100.0
1591, 3900.0, 2100.0, 4000.0, 200.0, 200.0, 100.0
1592, 3900.0, 2300.0, 4000.0, 200.0, 200.0, 100.0
1593, 3900.0, 2500.0, 4000.0, 200.0, 200.0, 100.0
1594, 3900.0, 2700.0, 4000.0, 200.0, 200.0, 100.0
1595, 3900.0, 2900.0, 4000.0, 200.0, 200.0, 100.0
1596, 3900.0, 3100.0, 4000.0, 200.0, 200.0, 100.0
1597, 3900.0, 3300.0, 4000.0, 200.0, 200.0, 100.0
1598, 3900.0, 3500.0, 4000.0, 200.0, 200.0, 100.0
1599, 3900.0, 3700.0, 4000.0, 200.0, 200.0, 100.0
1600, 3900.0, 3900.0, 4000.0, 200.0, 200.0, 100.0
